6.282676011323928833e-02
1.321301888674497604e-02
-3.231034055352210999e-02
5.630129948258399963e-03
-7.652061432600021362e-02
-6.844408810138702393e-02
3.193147107958793640e-02
-4.982682876288890839e-03
-4.232722520828247070e-02
9.655623696744441986e-03
-6.084240600466728210e-02
-2.384382672607898712e-02
-6.316045671701431274e-02
-2.225122042000293732e-02
2.570592984557151794e-02
-6.991235911846160889e-02
-1.213591322302818298e-01
5.592703446745872498e-02
2.273632586002349854e-02
-1.969912834465503693e-02
1.682653650641441345e-02
-3.132868558168411255e-02
-5.731908977031707764e-02
4.502971656620502472e-03
1.891450583934783936e-02
-2.443125657737255096e-02
6.255953013896942139e-02
-8.746397495269775391e-02
2.555900625884532928e-02
3.204155713319778442e-02
6.830029934644699097e-02
-4.737074673175811768e-02
1.591564505361020565e-04
2.295933896675705910e-03
-4.246775805950164795e-02
3.726489469408988953e-02
-6.156315095722675323e-03
-4.968527704477310181e-03
-2.294133789837360382e-02
-5.202726274728775024e-02
1.298888935707509518e-03
-1.427871640771627426e-02
-1.128975860774517059e-02
-3.792376443743705750e-02
-1.510140020400285721e-02
4.400027915835380554e-02
8.830070495605468750e-03
-8.252444118261337280e-02
5.354116857051849365e-02
-1.791512221097946167e-02
-1.748246885836124420e-02
4.863417893648147583e-02
1.590604707598686218e-02
7.005339115858078003e-02
-4.899200797080993652e-02
2.600861527025699615e-02
5.562264937907457352e-03
-7.876207679510116577e-02
-1.538733672350645065e-02
3.832044824957847595e-02
2.409784868359565735e-02
3.477263078093528748e-02
-6.707178056240081787e-02
3.713132813572883606e-02
3.658794797956943512e-03
3.269848972558975220e-02
-2.796334738377481699e-04
5.325261503458023071e-02
2.345018647611141205e-02
1.265067700296640396e-02
-1.682679355144500732e-02
-3.367812559008598328e-02
-4.901933297514915466e-02
-2.052470296621322632e-02
3.701191768050193787e-02
1.044539827853441238e-02
-7.287347689270973206e-03
-5.584743991494178772e-02
9.429492987692356110e-03
3.152783960103988647e-02
-6.381870247423648834e-03
-8.539512753486633301e-02
6.928421091288328171e-03
-5.847207829356193542e-02
4.368901625275611877e-02
-6.096315383911132812e-02
-6.063823774456977844e-02
2.444513328373432159e-02
4.847736656665802002e-02
-6.535689812153577805e-03
3.222128748893737793e-02
3.869286179542541504e-02
-5.472684651613235474e-02
1.209811889566481113e-03
3.466193377971649170e-02
-1.347264181822538376e-02
