-9.288655593991279602e-03
-7.304675877094268799e-02
9.238845668733119965e-03
-6.097696721553802490e-03
2.622362598776817322e-02
1.122129335999488831e-02
-6.136670242995023727e-03
-2.500026486814022064e-03
1.236803177744150162e-02
-1.195503957569599152e-02
-2.080275735352188349e-04
1.806346001103520393e-03
-7.052047178149223328e-03
-2.865931205451488495e-02
2.452151849865913391e-02
1.057066582143306732e-02
3.930572792887687683e-02
-1.753591815941035748e-03
2.745090425014495850e-02
-4.707863845396786928e-04
-2.598135732114315033e-02
-4.922919906675815582e-03
1.470830570906400681e-02
-1.996222650632262230e-03
-1.376767363399267197e-02
-1.861238665878772736e-02
1.160452235490083694e-02
-9.178846143186092377e-03
3.589204698801040649e-02
-5.599342985078692436e-04
1.488479319959878922e-02
2.962296269834041595e-02
1.180469617247581482e-02
-5.038502160459756851e-03
-1.774919405579566956e-02
1.991860801354050636e-03
-1.458181906491518021e-02
-3.275718772783875465e-03
1.184057723730802536e-02
1.528747379779815674e-02
-2.793097868561744690e-02
1.190552953630685806e-02
1.652133092284202576e-02
2.671639667823910713e-03
-5.285707302391529083e-03
-3.714030236005783081e-02
-1.379200723022222519e-02
9.832805953919887543e-04
-8.670048788189888000e-03
3.892271313816308975e-03
-1.064706873148679733e-02
-3.656939789652824402e-02
-2.596777305006980896e-02
-2.699573524296283722e-02
3.256806870922446251e-03
-2.153436653316020966e-02
2.341481857001781464e-02
-2.707576192915439606e-02
-1.048341765999794006e-02
1.002908125519752502e-02
2.010542666539549828e-03
1.519046071916818619e-02
-1.138977706432342529e-02
-1.539309322834014893e-02
1.628906652331352234e-02
-3.544509410858154297e-02
1.191539689898490906e-02
1.414290629327297211e-02
1.286673732101917267e-02
-7.118676789104938507e-03
2.782466821372509003e-02
-1.845556776970624924e-03
-1.418138761073350906e-02
3.133451938629150391e-02
-3.542382270097732544e-02
-1.248239539563655853e-02
-9.808843024075031281e-03
1.401743292808532715e-02
-1.392142940312623978e-02
4.628661263268440962e-04
-5.786742083728313446e-03
-9.955418296158313751e-03
6.431207992136478424e-03
2.551486156880855560e-02
-1.801427081227302551e-02
-7.261150982230901718e-03
1.814627461135387421e-02
1.486460864543914795e-02
-2.065677754580974579e-02
-5.285494029521942139e-03
2.530353330075740814e-02
-9.016050957143306732e-03
-3.118388354778289795e-02
1.153656095266342163e-02
3.604651615023612976e-02
1.819476019591093063e-03
-5.269714631140232086e-03
1.966172456741333008e-02
-1.674336264841258526e-03
-1.116596907377243042e-02
-1.200889050960540771e-02
-2.016328740864992142e-03
-8.797301910817623138e-03
-7.853137329220771790e-03
2.214741893112659454e-02
2.179101295769214630e-02
-3.748052194714546204e-02
-2.295755967497825623e-02
-1.374981645494699478e-02
-3.943160921335220337e-02
-2.705201506614685059e-02
1.486282981932163239e-02
9.621500037610530853e-03
-1.756552979350090027e-02
6.932898540981113911e-04
-1.881694607436656952e-02
2.944830339401960373e-03
-1.382163446396589279e-02
1.686227694153785706e-02
2.340256236493587494e-02
1.186393760144710541e-02
-2.236982434988021851e-02
-9.192424826323986053e-03
3.833105787634849548e-02
1.535907573997974396e-02
8.538386784493923187e-03
-3.134574508294463158e-03
-2.079073525965213776e-02
-7.773530203849077225e-03
2.465763501822948456e-02
-8.420379832386970520e-03
2.238872088491916656e-02
-4.786149598658084869e-03
-4.048308357596397400e-02
3.635458415374159813e-03
-2.690171077847480774e-02
1.674352213740348816e-02
-5.292460322380065918e-03
1.377066317945718765e-02
1.689918525516986847e-02
2.987661398947238922e-02
9.147595614194869995e-03
-6.364275235682725906e-03
-3.345664881635457277e-04
-4.436543211340904236e-03
1.925375545397400856e-03
8.409853093326091766e-03
1.353392004966735840e-02
-2.171282190829515457e-03
-1.438223477452993393e-02
-1.345133222639560699e-02
-1.090534403920173645e-02
-1.986652147024869919e-03
-2.356460317969322205e-03
-3.563436120748519897e-02
1.571491174399852753e-02
1.882803067564964294e-02
-1.212065294384956360e-02
-1.167989056557416916e-02
-4.682485014200210571e-03
3.042393829673528671e-03
1.756424084305763245e-02
-8.277464658021926880e-03
3.971801325678825378e-02
-3.031714633107185364e-02
6.634506396949291229e-03
2.037753351032733917e-02
1.952737942337989807e-02
2.461034059524536133e-02
3.999842330813407898e-03
-2.317481674253940582e-02
9.030490182340145111e-03
1.158256083726882935e-02
-1.032865419983863831e-02
1.747529208660125732e-02
1.923806592822074890e-02
2.309549413621425629e-02
-1.063744165003299713e-02
-5.163953173905611038e-03
-2.021666802465915680e-02
-2.655965276062488556e-02
2.645396254956722260e-02
-1.558488328009843826e-02
-2.763061225414276123e-02
-1.436808146536350250e-02
1.114797499030828476e-02
8.557374589145183563e-03
5.005544051527976990e-03
-4.906147252768278122e-03
1.793778873980045319e-02
5.743923597037792206e-03
2.324696630239486694e-02
-2.142622508108615875e-02
-1.250032149255275726e-02
2.891879156231880188e-02
1.618032529950141907e-02
-2.945797145366668701e-02
1.838303543627262115e-02
-3.075617551803588867e-02
-1.718569174408912659e-02
-3.095558471977710724e-02
6.184674799442291260e-03
-9.331557899713516235e-03
-2.348119206726551056e-02
3.474750742316246033e-02
2.177335694432258606e-02
1.011338550597429276e-02
1.549565978348255157e-02
1.806925423443317413e-02
-3.730575740337371826e-02
-1.510176155716180801e-02
-2.852746099233627319e-02
-4.121692851185798645e-02
-2.558345161378383636e-02
-2.488335780799388885e-02
1.751607842743396759e-02
-2.651937119662761688e-02
-1.632055826485157013e-02
-9.099874645471572876e-02
7.901753298938274384e-03
2.135284617543220520e-02
2.588644158095121384e-03
2.289768122136592865e-02
4.620566032826900482e-03
-9.886509738862514496e-03
1.327211316674947739e-02
-3.279069066047668457e-02
1.561376824975013733e-02
7.689226884394884109e-03
-2.274126932024955750e-02
-1.437897142022848129e-02
-1.275288406759500504e-02
-3.057799115777015686e-02
-3.139337757602334023e-03
-2.930149994790554047e-02
1.116828061640262604e-02
-1.406361069530248642e-02
-1.756861992180347443e-02
-1.897017657756805420e-02
3.663558885455131531e-02
2.026266790926456451e-02
1.686272211372852325e-02
-2.916178107261657715e-02
1.677417010068893433e-02
-3.861169144511222839e-02
-8.747553080320358276e-02
-3.390032565221190453e-03
4.008474573493003845e-02
-5.380639340728521347e-03
1.970627345144748688e-02
-2.901397831737995148e-02
1.790416799485683441e-02
2.000813838094472885e-03
-1.138965599238872528e-02
2.151951659470796585e-03
-2.061382308602333069e-02
