-3.328507766127586365e-02
-3.575893864035606384e-02
1.508194804191589355e-01
-7.385323196649551392e-02
-7.996479421854019165e-02
-3.131486475467681885e-02
-1.438990384340286255e-01
1.607869416475296021e-01
-5.484855547547340393e-02
3.948163613677024841e-02
7.090037688612937927e-03
1.339867245405912399e-02
-1.337910350412130356e-02
1.561268568038940430e-01
-2.009639330208301544e-02
-1.998149231076240540e-02
1.519093811511993408e-01
-6.007877364754676819e-02
-1.521262805908918381e-02
1.037168130278587341e-01
1.679090410470962524e-01
1.751479320228099823e-02
5.052451416850090027e-02
2.627444826066493988e-02
1.310580670833587646e-01
2.850100770592689514e-02
-6.688120216131210327e-02
-1.352414861321449280e-02
-2.451004832983016968e-02
-4.397444799542427063e-02
-1.120230928063392639e-01
-2.058803848922252655e-02
1.682823598384857178e-01
4.220306128263473511e-02
-2.602623403072357178e-02
2.160083949565887451e-01
-1.302031613886356354e-02
1.870851069688796997e-01
-5.051581561565399170e-02
-1.175476387143135071e-01
-5.523476749658584595e-02
1.292450577020645142e-01
7.811989635229110718e-02
1.861658990383148193e-01
-1.498864684253931046e-02
9.718030691146850586e-02
-1.189526077359914780e-02
-7.988411933183670044e-03
6.040975078940391541e-02
3.735258430242538452e-02
9.036660939455032349e-02
2.081969380378723145e-01
6.497112661600112915e-02
4.067809879779815674e-02
-4.667355120182037354e-02
-2.804166264832019806e-02
7.439556717872619629e-02
1.132172197103500366e-01
-8.214753121137619019e-03
4.757970944046974182e-02
1.360455900430679321e-01
3.697831183671951294e-02
6.134096533060073853e-02
-8.001405000686645508e-02
-1.996487565338611603e-02
3.680309653282165527e-02
8.441469073295593262e-02
9.862630069255828857e-02
-1.030552610754966736e-01
7.182962261140346527e-03
-9.613121300935745239e-02
9.729303419589996338e-02
-8.516396582126617432e-02
2.070773392915725708e-01
-2.143394052982330322e-01
-7.741668075323104858e-02
2.648226916790008545e-02
1.658656001091003418e-01
1.445310115814208984e-01
9.084871038794517517e-03
-4.059747233986854553e-02
-4.025919735431671143e-02
1.128552779555320740e-01
-4.152976348996162415e-02
-4.128090105950832367e-03
-1.277301758527755737e-01
1.136679947376251221e-01
-5.235012993216514587e-02
1.416276246309280396e-01
1.984655559062957764e-01
1.039858162403106689e-01
-4.588973522186279297e-02
2.387309819459915161e-02
5.946033447980880737e-02
-7.373149693012237549e-02
2.958928048610687256e-02
8.367900550365447998e-02
1.144784390926361084e-01
4.612406343221664429e-02
-6.888904422521591187e-02
8.305799961090087891e-02
1.261960715055465698e-02
4.939206317067146301e-02
-4.391029011458158493e-03
5.636137910187244415e-03
2.427713200449943542e-02
-2.915652655065059662e-02
9.312929213047027588e-02
-9.275576472282409668e-02
-7.345585525035858154e-02
3.068466484546661377e-02
1.738452911376953125e-01
2.200908027589321136e-02
8.174981176853179932e-02
2.915121242403984070e-02
1.119330003857612610e-01
-8.583121001720428467e-02
3.570241108536720276e-02
-1.160672213882207870e-02
7.322180271148681641e-02
-1.031116172671318054e-01
1.050083786249160767e-01
7.829777896404266357e-02
5.729399994015693665e-02
2.715589478611946106e-02
9.628092870116233826e-03
-4.016225412487983704e-02
7.321784645318984985e-02
2.889098785817623138e-02
-5.657376348972320557e-02
-1.212709620594978333e-01
-1.225597485899925232e-01
-4.405401647090911865e-02
2.497763931751251221e-02
-1.590675860643386841e-01
3.836211934685707092e-02
8.229556679725646973e-02
-7.028805464506149292e-02
-3.267744183540344238e-02
-3.593004122376441956e-02
9.221059083938598633e-02
-1.297515537589788437e-02
2.961788140237331390e-02
-2.470749989151954651e-02
-2.193480916321277618e-02
1.105721518397331238e-01
4.975850880146026611e-02
-7.203306257724761963e-02
8.177191764116287231e-02
-9.478580951690673828e-02
-3.058389015495777130e-02
-6.716795265674591064e-02
2.339782193303108215e-02
-2.147916005924344063e-03
6.078058853745460510e-02
3.192749246954917908e-02
-2.910788729786872864e-02
-1.586493849754333496e-02
-3.105740435421466827e-02
2.797858417034149170e-01
1.041979715228080750e-01
5.433700978755950928e-02
2.027488797903060913e-01
-5.472223460674285889e-02
2.391421794891357422e-01
-1.702864021062850952e-01
8.192862570285797119e-02
1.156117171049118042e-01
1.776288449764251709e-01
7.938266545534133911e-02
1.720909960567951202e-02
-4.606101289391517639e-02
2.695266902446746826e-02
7.089243084192276001e-02
2.108730562031269073e-02
6.448870897293090820e-02
2.906458266079425812e-02
-8.382774889469146729e-02
3.860786184668540955e-02
1.276566386222839355e-01
8.317797631025314331e-02
6.735219806432723999e-02
2.199113555252552032e-02
1.272984500974416733e-02
1.716789603233337402e-01
2.183580398559570312e-01
-1.387603580951690674e-02
-1.642581075429916382e-02
-7.159318774938583374e-02
1.566674746572971344e-02
1.329053100198507309e-02
1.751056611537933350e-01
-3.931806236505508423e-02
1.123179774731397629e-02
3.470813110470771790e-02
-9.806205332279205322e-02
-3.089136676862835884e-03
6.187134608626365662e-02
1.005301848053932190e-01
7.351131644099950790e-03
3.882705420255661011e-02
-1.246814355254173279e-01
1.425434648990631104e-01
-2.218502946197986603e-02
9.601771831512451172e-02
2.075835466384887695e-01
4.306006431579589844e-02
2.875221194699406624e-03
-8.036188036203384399e-02
5.526432767510414124e-02
7.020319998264312744e-02
9.981667995452880859e-02
1.634025275707244873e-01
6.004217546433210373e-03
-7.187370955944061279e-02
-7.654833048582077026e-02
4.917338490486145020e-02
-2.434512972831726074e-02
6.656729429960250854e-02
6.193521991372108459e-02
3.802916407585144043e-02
2.079229503870010376e-01
5.327280610799789429e-02
-5.945311114192008972e-02
1.279633492231369019e-01
-9.563386440277099609e-02
1.153312921524047852e-01
-7.051202373986598104e-06
3.785788640379905701e-02
-9.006037563085556030e-02
-6.466126441955566406e-02
8.099640160799026489e-02
2.610601857304573059e-02
1.263915896415710449e-01
1.792122423648834229e-01
5.086835473775863647e-03
7.659122347831726074e-02
6.045726314187049866e-02
-7.493343949317932129e-02
1.426020264625549316e-01
1.823380589485168457e-02
-8.495814166963100433e-03
-2.340972982347011566e-02
2.391224540770053864e-02
3.345871716737747192e-02
1.239735558629035950e-01
1.481710840016603470e-02
-1.425435543060302734e-01
1.112987026572227478e-01
-1.445864588022232056e-01
1.043140236288309097e-02
-4.801849275827407837e-02
-6.098551303148269653e-02
1.352983862161636353e-01
4.192518070340156555e-02
2.924793958663940430e-02
