-1.438235398381948471e-02
4.252177104353904724e-02
-2.795133739709854126e-02
8.083230257034301758e-02
7.011356204748153687e-02
-1.994298212230205536e-02
-1.179203838109970093e-01
-4.293449968099594116e-02
3.445952013134956360e-02
4.775821045041084290e-02
-4.187981598079204559e-03
-7.898054271936416626e-02
1.019150316715240479e-01
5.424188077449798584e-02
-1.005975306034088135e-01
-4.980690777301788330e-02
-4.408853128552436829e-02
1.458668708801269531e-01
-8.222500979900360107e-02
-8.539904654026031494e-02
8.191209286451339722e-02
8.513680100440979004e-02
4.628254100680351257e-02
4.333891719579696655e-02
-5.972897633910179138e-02
-3.016277682036161423e-03
-2.302054688334465027e-02
9.697684645652770996e-02
-7.662647962570190430e-02
-1.489044050686061382e-03
3.232614323496818542e-02
-7.687532901763916016e-02
9.810097515583038330e-02
1.684741489589214325e-02
-2.516565844416618347e-02
1.018446460366249084e-01
1.556376740336418152e-02
-1.514799296855926514e-01
6.405772268772125244e-02
4.982068762183189392e-02
5.118505656719207764e-02
-2.152769640088081360e-02
8.052812516689300537e-02
1.379217300564050674e-02
9.884241968393325806e-02
2.616111561655998230e-02
8.341670036315917969e-02
1.316152233630418777e-02
5.251751467585563660e-02
-6.639251857995986938e-02
4.718739911913871765e-02
-1.862650550901889801e-02
5.813131574541330338e-03
1.582551747560501099e-02
-1.156670451164245605e-01
-4.045902937650680542e-02
-4.566551186144351959e-03
-6.040020287036895752e-02
-3.321661800146102905e-02
5.343034863471984863e-02
5.539715662598609924e-02
2.116306871175765991e-01
-1.230802536010742188e-01
2.090375497937202454e-02
-5.524022039026021957e-03
2.805555704981088638e-03
1.900450326502323151e-02
7.736568897962570190e-02
-4.546869173645973206e-02
5.997537076473236084e-02
-6.825554370880126953e-02
-3.161815181374549866e-02
-2.592567726969718933e-02
2.728577703237533569e-02
4.035829752683639526e-02
2.048261463642120361e-03
4.514170810580253601e-02
-8.465196937322616577e-02
6.248731911182403564e-02
1.872263848781585693e-02
4.122063145041465759e-02
2.173125743865966797e-02
-1.291816495358943939e-02
-2.815505489706993103e-02
4.225608706474304199e-02
1.077375039458274841e-01
-7.925459742546081543e-02
4.900926724076271057e-02
6.551248580217361450e-02
-5.303274095058441162e-02
-6.310132145881652832e-02
6.013835780322551727e-03
1.021372228860855103e-01
-3.101846016943454742e-02
6.571441888809204102e-02
4.243502765893936157e-02
7.686156779527664185e-02
6.678202748298645020e-02
-7.743314839899539948e-03
1.316040456295013428e-01
-1.372654363512992859e-02
1.364115346223115921e-02
1.551994085311889648e-01
1.159643977880477905e-01
-3.607855737209320068e-02
-7.539539039134979248e-02
-9.202692657709121704e-02
1.139524355530738831e-01
-9.973625093698501587e-02
3.023373335599899292e-02
-2.648278139531612396e-02
4.593769088387489319e-02
5.817628279328346252e-02
1.300202868878841400e-02
1.051115691661834717e-01
6.955628097057342529e-02
3.344782814383506775e-02
8.113086968660354614e-02
4.806419834494590759e-02
3.761242702603340149e-02
4.823767580091953278e-03
9.604301303625106812e-02
9.097219258546829224e-02
6.743884831666946411e-02
-4.752263799309730530e-02
1.163508594036102295e-01
4.601875320076942444e-02
1.035352144390344620e-02
-7.000656425952911377e-02
2.480076812207698822e-02
1.511673331260681152e-01
4.231173545122146606e-02
7.962435483932495117e-02
4.936633259057998657e-02
-6.574978679418563843e-02
4.337374493479728699e-02
9.728927165269851685e-02
1.166612096130847931e-02
4.429696872830390930e-02
1.200677827000617981e-01
7.978613674640655518e-02
7.263662666082382202e-02
5.718836933374404907e-02
1.676535978913307190e-02
3.916795179247856140e-02
-5.614799261093139648e-02
-8.814482390880584717e-02
3.539419546723365784e-02
5.025617033243179321e-02
5.420490726828575134e-02
3.218464553356170654e-02
6.007599830627441406e-02
1.545779500156641006e-02
-2.603581361472606659e-02
-2.597897080704569817e-03
1.812621019780635834e-02
1.164229959249496460e-01
-7.210510224103927612e-02
7.666297256946563721e-02
8.582514710724353790e-03
4.163881018757820129e-02
8.692504465579986572e-02
5.353324115276336670e-02
2.102988213300704956e-02
-7.455042004585266113e-02
4.508886486291885376e-02
3.248447552323341370e-02
-3.143201768398284912e-02
-2.574945241212844849e-02
7.972457259893417358e-02
7.418565452098846436e-02
5.368869006633758545e-02
4.852384794503450394e-03
1.601084917783737183e-01
1.328610032796859741e-01
4.412165284156799316e-02
-8.776286989450454712e-02
3.283498436212539673e-02
9.821864962577819824e-02
1.820153892040252686e-01
-2.399881370365619659e-02
5.590204894542694092e-02
4.818311333656311035e-02
1.691571064293384552e-02
-3.422652930021286011e-02
1.497995406389236450e-01
-6.006457656621932983e-02
5.586932227015495300e-02
-3.550602495670318604e-02
4.122890904545783997e-02
2.789549715816974640e-02
1.791094057261943817e-02
2.173198387026786804e-02
-1.059391573071479797e-01
3.547415882349014282e-02
-9.754879027605056763e-02
9.999091923236846924e-02
-1.058112233877182007e-01
1.700964868068695068e-01
2.475913055241107941e-02
3.346048295497894287e-02
4.863456636667251587e-02
9.150676429271697998e-02
8.206018060445785522e-02
-2.395696751773357391e-02
6.494604796171188354e-02
8.557904511690139771e-02
-4.091101139783859253e-02
1.957918889820575714e-02
3.241995722055435181e-02
6.268059462308883667e-02
8.753997832536697388e-02
1.572836786508560181e-01
1.153349429368972778e-01
7.515078783035278320e-02
7.147081196308135986e-02
6.011032313108444214e-02
4.159152973443269730e-03
6.813840568065643311e-02
-6.309594493359327316e-03
1.102414261549711227e-02
-3.607817739248275757e-02
1.908160164020955563e-03
1.365086622536182404e-02
-5.880667828023433685e-03
7.034447789192199707e-02
-3.786332532763481140e-02
1.411192715167999268e-01
3.836964443325996399e-02
-2.499506808817386627e-02
1.150884106755256653e-01
-7.931279391050338745e-02
1.624810993671417236e-01
1.792961917817592621e-02
7.437121868133544922e-02
4.983679950237274170e-02
-7.273856550455093384e-02
2.020666375756263733e-02
-3.191815456375479698e-03
1.617939323186874390e-01
9.625924378633499146e-02
1.194856390357017517e-01
-5.281310901045799255e-02
-1.686801901087164879e-03
1.567301601171493530e-01
-2.654404193162918091e-02
4.770712181925773621e-02
3.252346068620681763e-02
7.376217842102050781e-02
-1.923665404319763184e-02
1.048995926976203918e-02
-5.509823933243751526e-02
5.708264186978340149e-02
1.098170503973960876e-02
7.604693621397018433e-02
6.590644270181655884e-02
