3.699736595153808594e+00
2.855946779251098633e+00
1.443581461906433105e+00
7.395268678665161133e-01
1.135768651962280273e+00
0.000000000000000000e+00
0.000000000000000000e+00
0.000000000000000000e+00
4.387547969818115234e+00
2.789057731628417969e+00
1.000774025917053223e+00
0.000000000000000000e+00
4.427745819091796875e+00
4.993727684020996094e+00
4.383435249328613281e+00
4.931119918823242188e+00
3.497740030288696289e+00
3.388168573379516602e+00
0.000000000000000000e+00
0.000000000000000000e+00
7.475272417068481445e-01
0.000000000000000000e+00
4.359092235565185547e+00
4.615346431732177734e+00
4.373363494873046875e+00
4.270062446594238281e+00
4.001819610595703125e+00
2.535751581192016602e+00
0.000000000000000000e+00
0.000000000000000000e+00
2.257010459899902344e+00
0.000000000000000000e+00
5.867970466613769531e+00
6.958508014678955078e+00
5.647849082946777344e+00
7.555202484130859375e+00
2.986461162567138672e+00
6.587363719940185547e+00
0.000000000000000000e+00
0.000000000000000000e+00
2.541130065917968750e+00
0.000000000000000000e+00
3.092916250228881836e+00
2.274336576461791992e+00
3.327909469604492188e+00
2.544084787368774414e+00
0.000000000000000000e+00
4.880044460296630859e+00
3.522741496562957764e-01
4.719311892986297607e-01
5.746314525604248047e-01
6.532804965972900391e-01
1.002329111099243164e+00
9.160962700843811035e-01
8.523172736167907715e-01
1.657580435276031494e-01
7.375139594078063965e-01
6.167389750480651855e-01
0.000000000000000000e+00
1.652508020401000977e+00
2.801870346069335938e+00
0.000000000000000000e+00
3.518223285675048828e+00
2.791868686676025391e+00
3.736693382263183594e+00
3.212763309478759766e+00
0.000000000000000000e+00
5.646942138671875000e+00
2.897000908851623535e-01
3.641049861907958984e-01
4.644193172454833984e+00
0.000000000000000000e+00
9.992894172668457031e+00
1.203660106658935547e+01
9.309380531311035156e+00
1.352926826477050781e+01
4.096059799194335938e+00
1.232134628295898438e+01
0.000000000000000000e+00
0.000000000000000000e+00
9.327419281005859375e+00
8.697866439819335938e+00
2.713495492935180664e+00
2.013939380645751953e+00
1.071837902069091797e+00
0.000000000000000000e+00
0.000000000000000000e+00
0.000000000000000000e+00
1.179391288757324219e+01
7.327307701110839844e+00
5.518079996109008789e-01
0.000000000000000000e+00
2.315961599349975586e+00
2.305538892745971680e+00
2.581991434097290039e+00
2.168013572692871094e+00
1.483154535293579102e+00
2.055290699005126953e+00
0.000000000000000000e+00
9.613171219825744629e-03
4.022188663482666016e+00
1.002104854583740234e+01
8.024353981018066406e-01
1.666495203971862793e+00
0.000000000000000000e+00
0.000000000000000000e+00
0.000000000000000000e+00
0.000000000000000000e+00
4.296860218048095703e+00
9.792713165283203125e+00
8.801283836364746094e-01
1.398168802261352539e+00
4.908064007759094238e-01
4.344520866870880127e-01
2.460077852010726929e-01
0.000000000000000000e+00
0.000000000000000000e+00
1.338255703449249268e-01
5.644086003303527832e-01
2.143666267395019531e+00
8.312427401542663574e-01
1.022824719548225403e-01
9.870703220367431641e-01
6.615228652954101562e-01
1.207079410552978516e+00
2.654800713062286377e-01
0.000000000000000000e+00
1.252713441848754883e+00
1.236359849572181702e-01
1.012625098228454590e+00
1.482984066009521484e+00
2.526696205139160156e+00
4.916688799858093262e-01
5.645536184310913086e-01
0.000000000000000000e+00
0.000000000000000000e+00
0.000000000000000000e+00
0.000000000000000000e+00
1.400210022926330566e+00
3.099938154220581055e+00
3.014206886291503906e+00
5.740394592285156250e+00
5.117989778518676758e-01
8.086713552474975586e-01
0.000000000000000000e+00
0.000000000000000000e+00
0.000000000000000000e+00
0.000000000000000000e+00
3.852468967437744141e+00
5.164653301239013672e+00
1.448319077491760254e+00
0.000000000000000000e+00
6.547126770019531250e+00
7.600063323974609375e+00
6.205332756042480469e+00
7.567484378814697266e+00
5.554854869842529297e+00
4.632435321807861328e+00
0.000000000000000000e+00
0.000000000000000000e+00
3.383313179016113281e+00
0.000000000000000000e+00
4.441540718078613281e+00
3.915353775024414062e+00
4.609949111938476562e+00
4.599026679992675781e+00
0.000000000000000000e+00
7.166172027587890625e+00
2.040476799011230469e-01
1.628191173076629639e-01
2.184513092041015625e+00
0.000000000000000000e+00
2.815734863281250000e+00
2.150584459304809570e+00
3.089525938034057617e+00
2.419662237167358398e+00
0.000000000000000000e+00
4.497748851776123047e+00
2.060509920120239258e-01
3.876226544380187988e-01
2.570773601531982422e+00
6.124880313873291016e+00
5.209260582923889160e-01
8.799073696136474609e-01
0.000000000000000000e+00
0.000000000000000000e+00
0.000000000000000000e+00
0.000000000000000000e+00
3.011837005615234375e+00
5.725988864898681641e+00
2.958494186401367188e+00
0.000000000000000000e+00
3.468146324157714844e+00
2.421995162963867188e+00
3.617249727249145508e+00
2.720783948898315430e+00
0.000000000000000000e+00
5.237272739410400391e+00
5.466643571853637695e-01
4.668971598148345947e-01
1.564091801643371582e+00
0.000000000000000000e+00
4.450408458709716797e+00
5.129129409790039062e+00
4.415145874023437500e+00
5.441038131713867188e+00
2.396477460861206055e+00
4.787119865417480469e+00
0.000000000000000000e+00
0.000000000000000000e+00
1.407022714614868164e+00
0.000000000000000000e+00
2.007229566574096680e+00
1.652169227600097656e+00
2.343952178955078125e+00
1.580170392990112305e+00
0.000000000000000000e+00
3.001215696334838867e+00
0.000000000000000000e+00
6.963295936584472656e-01
1.421399950981140137e+00
4.985278129577636719e+00
6.739788651466369629e-01
9.443226456642150879e-01
0.000000000000000000e+00
0.000000000000000000e+00
1.099545836448669434e+00
0.000000000000000000e+00
9.314339160919189453e-01
5.374835968017578125e+00
1.286104321479797363e+00
0.000000000000000000e+00
5.322654247283935547e+00
6.154541015625000000e+00
5.152235984802246094e+00
6.179319381713867188e+00
4.155233383178710938e+00
4.188668727874755859e+00
0.000000000000000000e+00
0.000000000000000000e+00
1.057532668113708496e+00
0.000000000000000000e+00
1.261499643325805664e+00
8.293111324310302734e-01
1.551583290100097656e+00
5.570266246795654297e-01
0.000000000000000000e+00
1.799031972885131836e+00
1.820235550403594971e-01
8.260086774826049805e-01
2.576349735260009766e+00
5.208577632904052734e+00
4.720176458358764648e-01
7.289265990257263184e-01
0.000000000000000000e+00
0.000000000000000000e+00
0.000000000000000000e+00
0.000000000000000000e+00
3.210287332534790039e+00
4.790450096130371094e+00
1.917443633079528809e+00
0.000000000000000000e+00
2.561631917953491211e+00
1.975760221481323242e+00
2.868417024612426758e+00
2.195089578628540039e+00
0.000000000000000000e+00
4.094213485717773438e+00
1.296826601028442383e-01
3.890425860881805420e-01
1.628971934318542480e+00
0.000000000000000000e+00
3.548385858535766602e+00
3.754395246505737305e+00
3.707153081893920898e+00
4.038258552551269531e+00
1.183588385581970215e+00
4.492529392242431641e+00
0.000000000000000000e+00
0.000000000000000000e+00
6.439749598503112793e-01
0.000000000000000000e+00
3.730940818786621094e+00
3.938868045806884766e+00
3.809371709823608398e+00
3.675583600997924805e+00
3.270383358001708984e+00
2.341490030288696289e+00
0.000000000000000000e+00
0.000000000000000000e+00
4.664918422698974609e+00
9.041612625122070312e+00
6.680815219879150391e-01
1.233850002288818359e+00
0.000000000000000000e+00
0.000000000000000000e+00
0.000000000000000000e+00
0.000000000000000000e+00
6.158024787902832031e+00
7.623574733734130859e+00
3.898543417453765869e-01
0.000000000000000000e+00
1.940940618515014648e+00
1.772932529449462891e+00
2.263471364974975586e+00
1.532544970512390137e+00
1.330974698066711426e+00
1.536674857139587402e+00
0.000000000000000000e+00
1.614971160888671875e-01
1.835149884223937988e+00
0.000000000000000000e+00
5.487706184387207031e+00
6.533441066741943359e+00
5.280240058898925781e+00
6.958621978759765625e+00
3.258889198303222656e+00
5.643562316894531250e+00
0.000000000000000000e+00
0.000000000000000000e+00
6.789048910140991211e-01
0.000000000000000000e+00
1.282413601875305176e+00
8.824862241744995117e-01
1.669279575347900391e+00
7.137145996093750000e-01
1.229993253946304321e-01
1.739248514175415039e+00
0.000000000000000000e+00
5.274420976638793945e-01
3.187754631042480469e+00
0.000000000000000000e+00
9.019561767578125000e+00
1.112116432189941406e+01
8.309358596801757812e+00
1.206308555603027344e+01
5.397745132446289062e+00
9.340345382690429688e+00
0.000000000000000000e+00
0.000000000000000000e+00
6.264237403869628906e+00
3.977424621582031250e+00
2.641493082046508789e+00
1.328137755393981934e+00
1.967369079589843750e+00
0.000000000000000000e+00
0.000000000000000000e+00
0.000000000000000000e+00
7.107944011688232422e+00
3.985691785812377930e+00
1.708933949470520020e+00
0.000000000000000000e+00
2.081094741821289062e+00
1.392386078834533691e+00
2.378470659255981445e+00
1.402715802192687988e+00
0.000000000000000000e+00
3.187622308731079102e+00
2.722244262695312500e-01
5.785647630691528320e-01
1.034796833992004395e+00
8.664482235908508301e-01
8.765678405761718750e-01
8.087912797927856445e-01
6.360853910446166992e-01
0.000000000000000000e+00
8.417622745037078857e-02
8.270413279533386230e-01
2.665920853614807129e-01
2.040633916854858398e+00
2.228918075561523438e+00
2.477666139602661133e+00
6.871964931488037109e-01
5.559707283973693848e-01
2.745220065116882324e-01
0.000000000000000000e+00
0.000000000000000000e+00
0.000000000000000000e+00
2.566123962402343750e+00
2.718655109405517578e+00
8.122358322143554688e-01
0.000000000000000000e+00
3.675117015838623047e+00
4.018441200256347656e+00
3.748778820037841797e+00
3.899785041809082031e+00
2.840945720672607422e+00
2.817685842514038086e+00
0.000000000000000000e+00
0.000000000000000000e+00
6.972941160202026367e-01
0.000000000000000000e+00
1.897058725357055664e+00
1.679415822029113770e+00
2.253133773803710938e+00
1.528454303741455078e+00
7.496814131736755371e-01
2.107475996017456055e+00
0.000000000000000000e+00
3.428397774696350098e-01
2.630836963653564453e+00
0.000000000000000000e+00
2.820430994033813477e+00
1.742175936698913574e+00
2.953667640686035156e+00
1.739182710647583008e+00
0.000000000000000000e+00
3.873564004898071289e+00
7.399928569793701172e-01
7.107049226760864258e-01
1.715451717376708984e+00
3.655774831771850586e+00
4.718606770038604736e-01
6.540506482124328613e-01
0.000000000000000000e+00
0.000000000000000000e+00
0.000000000000000000e+00
0.000000000000000000e+00
1.733945131301879883e+00
4.013596534729003906e+00
2.057785511016845703e+00
0.000000000000000000e+00
3.937311172485351562e+00
4.140829563140869141e+00
4.078048229217529297e+00
4.575360774993896484e+00
9.732959866523742676e-01
5.351351261138916016e+00
0.000000000000000000e+00
0.000000000000000000e+00
5.034819841384887695e-01
0.000000000000000000e+00
3.660720109939575195e+00
3.707045793533325195e+00
3.762536048889160156e+00
3.315366983413696289e+00
3.492341518402099609e+00
1.913427591323852539e+00
0.000000000000000000e+00
0.000000000000000000e+00
3.252095222473144531e+00
2.977066278457641602e+00
1.105672240257263184e+00
6.665582060813903809e-01
7.682029604911804199e-01
0.000000000000000000e+00
0.000000000000000000e+00
0.000000000000000000e+00
4.007433891296386719e+00
2.829002618789672852e+00
1.196714162826538086e+00
0.000000000000000000e+00
5.734755039215087891e+00
6.523074626922607422e+00
5.516730308532714844e+00
6.407075405120849609e+00
4.933728218078613281e+00
3.914801597595214844e+00
0.000000000000000000e+00
0.000000000000000000e+00
3.923693299293518066e-01
0.000000000000000000e+00
2.086838960647583008e+00
1.994215250015258789e+00
2.382920742034912109e+00
1.779384732246398926e+00
1.500666022300720215e+00
1.631099343299865723e+00
0.000000000000000000e+00
4.341787844896316528e-02
1.870664000511169434e+00
5.256022930145263672e+00
5.941394567489624023e-01
9.608662128448486328e-01
0.000000000000000000e+00
0.000000000000000000e+00
3.806369602680206299e-01
0.000000000000000000e+00
1.612545132637023926e+00
5.696139812469482422e+00
4.919938743114471436e-02
1.128893494606018066e+00
1.174282431602478027e+00
1.059881448745727539e+00
8.791388869285583496e-01
2.637292444705963135e-02
1.974401235580444336e+00
0.000000000000000000e+00
0.000000000000000000e+00
1.647247195243835449e+00
9.550114870071411133e-01
0.000000000000000000e+00
2.469537973403930664e+00
2.396557092666625977e+00
2.774092912673950195e+00
2.344175815582275391e+00
1.006902813911437988e+00
2.792075872421264648e+00
0.000000000000000000e+00
2.004500627517700195e-01
1.090747237205505371e+00
0.000000000000000000e+00
2.153114795684814453e+00
1.900388956069946289e+00
2.505022287368774414e+00
1.918905973434448242e+00
4.084408879280090332e-01
2.919412851333618164e+00
0.000000000000000000e+00
3.025805354118347168e-01
1.108882188796997070e+00
0.000000000000000000e+00
1.540630698204040527e+00
1.018387794494628906e+00
1.901062011718750000e+00
9.408929347991943359e-01
0.000000000000000000e+00
2.343384027481079102e+00
7.662289589643478394e-02
5.424307584762573242e-01
6.265601515769958496e-01
0.000000000000000000e+00
1.713757872581481934e+00
1.447817683219909668e+00
2.091979980468750000e+00
1.313233733177185059e+00
6.120750904083251953e-01
1.980552673339843750e+00
0.000000000000000000e+00
3.181629180908203125e-01
2.033064365386962891e+00
3.144730091094970703e+00
5.137112140655517578e-01
5.869668722152709961e-01
0.000000000000000000e+00
0.000000000000000000e+00
0.000000000000000000e+00
0.000000000000000000e+00
2.323125839233398438e+00
3.353322982788085938e+00
0.000000000000000000e+00
4.983093142509460449e-01
1.655312657356262207e+00
1.395397663116455078e+00
1.620811939239501953e+00
6.158109903335571289e-01
2.383384227752685547e+00
9.991905093193054199e-02
0.000000000000000000e+00
9.279453754425048828e-01
2.344731330871582031e+00
0.000000000000000000e+00
2.996402025222778320e+00
2.325413465499877930e+00
3.265714168548583984e+00
2.619723081588745117e+00
0.000000000000000000e+00
4.796949386596679688e+00
2.231448888778686523e-01
4.123804271221160889e-01
9.215718507766723633e-01
1.041999578475952148e+00
4.793739914894104004e-01
2.315423339605331421e-01
5.064195394515991211e-01
0.000000000000000000e+00
0.000000000000000000e+00
1.913848519325256348e-01
8.415107727050781250e-01
1.451736450195312500e+00
1.124469757080078125e+00
0.000000000000000000e+00
5.182925224304199219e+00
5.879902362823486328e+00
5.042601585388183594e+00
5.786070823669433594e+00
4.305529594421386719e+00
3.711898803710937500e+00
0.000000000000000000e+00
0.000000000000000000e+00
1.238556027412414551e+00
0.000000000000000000e+00
1.963593125343322754e+00
1.555922031402587891e+00
2.333529233932495117e+00
1.603660941123962402e+00
0.000000000000000000e+00
2.996365547180175781e+00
0.000000000000000000e+00
4.059424400329589844e-01
3.611995220184326172e+00
0.000000000000000000e+00
8.552600860595703125e+00
1.037183856964111328e+01
8.000734329223632812e+00
1.150103855133056641e+01
4.042140007019042969e+00
1.001872634887695312e+01
0.000000000000000000e+00
0.000000000000000000e+00
1.495507121086120605e+00
5.077394485473632812e+00
6.437369585037231445e-01
9.144479632377624512e-01
0.000000000000000000e+00
0.000000000000000000e+00
9.572948813438415527e-01
0.000000000000000000e+00
1.081022620201110840e+00
5.395236968994140625e+00
1.711864769458770752e-02
1.516793668270111084e-01
2.532795190811157227e+00
2.230193853378295898e+00
2.573833465576171875e+00
1.464908242225646973e+00
3.400594949722290039e+00
3.781821131706237793e-01
0.000000000000000000e+00
4.487301707267761230e-01
2.366094112396240234e+00
2.981972694396972656e+00
6.180797815322875977e-01
5.298674702644348145e-01
1.264619231224060059e-01
0.000000000000000000e+00
0.000000000000000000e+00
0.000000000000000000e+00
2.981149911880493164e+00
2.899788618087768555e+00
8.401371836662292480e-01
0.000000000000000000e+00
2.499789476394653320e+00
2.488487958908081055e+00
2.775314569473266602e+00
2.443688631057739258e+00
1.204856872558593750e+00
2.663849115371704102e+00
0.000000000000000000e+00
7.042181491851806641e-02
4.462581634521484375e+00
1.023457336425781250e+01
7.485994100570678711e-01
1.488182663917541504e+00
0.000000000000000000e+00
0.000000000000000000e+00
0.000000000000000000e+00
0.000000000000000000e+00
5.467554092407226562e+00
9.109855651855468750e+00
6.868904590606689453e+00
3.838958740234375000e-01
5.122906684875488281e+00
2.021023511886596680e+00
4.334652900695800781e+00
1.173293471336364746e+00
0.000000000000000000e+00
3.195871114730834961e+00
4.577395439147949219e+00
1.879368185997009277e+00
1.951746582984924316e+00
0.000000000000000000e+00
2.951708555221557617e+00
2.622811317443847656e+00
3.258871316909790039e+00
2.904287099838256836e+00
2.862242609262466431e-02
4.551886081695556641e+00
0.000000000000000000e+00
2.892446517944335938e-01
5.458586215972900391e-01
0.000000000000000000e+00
4.319955825805664062e+00
4.399481296539306641e+00
4.340370178222656250e+00
3.930685758590698242e+00
4.346701622009277344e+00
2.017448663711547852e+00
0.000000000000000000e+00
0.000000000000000000e+00
4.824416160583496094e+00
6.506875991821289062e+00
8.969265818595886230e-01
1.051895141601562500e+00
0.000000000000000000e+00
0.000000000000000000e+00
0.000000000000000000e+00
0.000000000000000000e+00
6.525395393371582031e+00
5.370781898498535156e+00
1.312770009040832520e+00
2.847538948059082031e+00
4.605492949485778809e-01
5.613411664962768555e-01
0.000000000000000000e+00
0.000000000000000000e+00
0.000000000000000000e+00
0.000000000000000000e+00
1.164589047431945801e+00
3.375235319137573242e+00
2.396430015563964844e+00
0.000000000000000000e+00
3.094889640808105469e+00
2.446632862091064453e+00
3.352906942367553711e+00
2.788510560989379883e+00
0.000000000000000000e+00
4.966101169586181641e+00
2.054559588432312012e-01
3.578250706195831299e-01
4.360616683959960938e+00
0.000000000000000000e+00
3.824034929275512695e+00
1.849996089935302734e+00
3.564215421676635742e+00
1.553633928298950195e+00
0.000000000000000000e+00
3.741324186325073242e+00
2.157523155212402344e+00
1.125746846199035645e+00
7.275975704193115234e+00
0.000000000000000000e+00
6.173574447631835938e+00
2.758822202682495117e+00
5.331638336181640625e+00
2.433498620986938477e+00
0.000000000000000000e+00
5.161691188812255859e+00
3.926228523254394531e+00
1.413578987121582031e+00
8.803096413612365723e-01
5.234686732292175293e-01
7.543872594833374023e-01
4.877194166183471680e-01
8.184943795204162598e-01
0.000000000000000000e+00
0.000000000000000000e+00
7.965857386589050293e-01
3.509965538978576660e-01
1.349781632423400879e+00
5.349726676940917969e-01
0.000000000000000000e+00
1.999363780021667480e+00
1.883736491203308105e+00
2.317761182785034180e+00
1.746429324150085449e+00
1.105921387672424316e+00
1.942361354827880859e+00
0.000000000000000000e+00
1.252925544977188110e-01
6.154398918151855469e-01
0.000000000000000000e+00
1.757950067520141602e+00
1.515210032463073730e+00
2.120729923248291016e+00
1.328774929046630859e+00
7.329646944999694824e-01
1.895161867141723633e+00
0.000000000000000000e+00
3.785815834999084473e-01
3.340764522552490234e+00
3.016427516937255859e+00
1.126542329788208008e+00
7.221022248268127441e-01
7.394672632217407227e-01
0.000000000000000000e+00
0.000000000000000000e+00
0.000000000000000000e+00
4.044941425323486328e+00
2.968644142150878906e+00
8.577022552490234375e+00
4.545057564973831177e-02
6.627913475036621094e+00
2.719467878341674805e+00
5.517453193664550781e+00
1.922813057899475098e+00
0.000000000000000000e+00
4.501972675323486328e+00
5.381985187530517578e+00
2.027382135391235352e+00
7.405934333801269531e-01
0.000000000000000000e+00
2.760640382766723633e+00
2.916441679000854492e+00
2.956950187683105469e+00
2.875337362289428711e+00
1.704681754112243652e+00
2.604239225387573242e+00
0.000000000000000000e+00
0.000000000000000000e+00
8.306733369827270508e-01
1.814756155014038086e+00
4.298573732376098633e-01
4.042189121246337891e-01
7.225487381219863892e-02
0.000000000000000000e+00
0.000000000000000000e+00
0.000000000000000000e+00
5.778067111968994141e-01
2.420113325119018555e+00
2.932576656341552734e+00
5.690553665161132812e+00
4.828023910522460938e-01
7.249300479888916016e-01
0.000000000000000000e+00
0.000000000000000000e+00
0.000000000000000000e+00
0.000000000000000000e+00
3.879616022109985352e+00
4.865590095520019531e+00
1.667532622814178467e-01
4.665898680686950684e-01
8.856635093688964844e-01
6.088680624961853027e-01
9.589068889617919922e-01
0.000000000000000000e+00
8.484663367271423340e-01
3.008321523666381836e-01
0.000000000000000000e+00
1.048299074172973633e+00
3.359284102916717529e-01
0.000000000000000000e+00
1.294491887092590332e+00
1.025596618652343750e+00
1.504758834838867188e+00
5.880029201507568359e-01
9.168047904968261719e-01
9.168859720230102539e-01
0.000000000000000000e+00
7.468421459197998047e-01
9.285135269165039062e+00
6.525747776031494141e+00
3.557630538940429688e+00
1.992392539978027344e+00
2.332053184509277344e+00
0.000000000000000000e+00
0.000000000000000000e+00
0.000000000000000000e+00
1.093375015258789062e+01
6.015706539154052734e+00
4.123469352722167969e+00
4.717455863952636719e+00
1.010812878608703613e+00
9.045846462249755859e-01
1.679145097732543945e-01
0.000000000000000000e+00
0.000000000000000000e+00
0.000000000000000000e+00
5.343291759490966797e+00
4.207802295684814453e+00
5.100265502929687500e+00
4.125573635101318359e+00
1.793324470520019531e+00
1.108095884323120117e+00
1.161730766296386719e+00
0.000000000000000000e+00
0.000000000000000000e+00
0.000000000000000000e+00
6.111015796661376953e+00
3.933153867721557617e+00
1.327365279197692871e+00
3.083933293819427490e-01
1.067474007606506348e+00
6.401057243347167969e-01
1.189144134521484375e+00
1.172843948006629944e-01
0.000000000000000000e+00
1.292781710624694824e+00
6.465527415275573730e-01
1.248863697052001953e+00
1.577926158905029297e+00
3.195708990097045898e+00
3.903787136077880859e-01
4.372493326663970947e-01
0.000000000000000000e+00
0.000000000000000000e+00
0.000000000000000000e+00
0.000000000000000000e+00
1.881557583808898926e+00
3.137065649032592773e+00
1.013828086853027344e+01
2.077785730361938477e-01
7.684625625610351562e+00
3.105311632156372070e+00
6.281628608703613281e+00
2.142807483673095703e+00
0.000000000000000000e+00
4.893967151641845703e+00
6.554015159606933594e+00
2.352687835693359375e+00
1.192530274391174316e+00
0.000000000000000000e+00
4.389543533325195312e+00
5.070096492767333984e+00
4.327425956726074219e+00
5.187355995178222656e+00
3.032220840454101562e+00
3.946688890457153320e+00
0.000000000000000000e+00
0.000000000000000000e+00
1.230399322509765625e+01
6.650630831718444824e-01
8.980208396911621094e+00
3.586480617523193359e+00
7.200990676879882812e+00
2.244223594665527344e+00
0.000000000000000000e+00
5.213730335235595703e+00
8.387170791625976562e+00
3.008638620376586914e+00
4.448900222778320312e+00
0.000000000000000000e+00
5.187747955322265625e+00
3.968682050704956055e+00
5.218934059143066406e+00
4.660760402679443359e+00
0.000000000000000000e+00
8.103429794311523438e+00
7.371159791946411133e-01
3.867363631725311279e-01
2.573383808135986328e+00
0.000000000000000000e+00
3.104270696640014648e+00
2.225039720535278320e+00
3.319887876510620117e+00
2.487182855606079102e+00
0.000000000000000000e+00
4.824442386627197266e+00
3.944561183452606201e-01
4.617906510829925537e-01
6.987915992736816406e+00
3.915712356567382812e+00
3.154473304748535156e+00
1.503323793411254883e+00
2.386506080627441406e+00
0.000000000000000000e+00
0.000000000000000000e+00
0.000000000000000000e+00
7.640224933624267578e+00
4.120811939239501953e+00
4.016607403755187988e-01
0.000000000000000000e+00
4.179693222045898438e+00
4.142184734344482422e+00
4.139754295349121094e+00
3.424756526947021484e+00
4.774451255798339844e+00
1.459735393524169922e+00
0.000000000000000000e+00
0.000000000000000000e+00
6.797683238983154297e-02
4.320457875728607178e-01
4.027607917785644531e+00
3.868194341659545898e+00
3.687673330307006836e+00
2.674894094467163086e+00
6.010918140411376953e+00
2.204092890024185181e-01
0.000000000000000000e+00
6.455994844436645508e-01
9.872376918792724609e-01
0.000000000000000000e+00
2.111655235290527344e+00
1.899426937103271484e+00
2.454321622848510742e+00
1.914366126060485840e+00
5.088127851486206055e-01
2.777616500854492188e+00
0.000000000000000000e+00
2.349425256252288818e-01
1.712074577808380127e-01
0.000000000000000000e+00
2.538632631301879883e+00
2.285023927688598633e+00
2.722525358200073242e+00
1.714711546897888184e+00
2.799019098281860352e+00
8.865250945091247559e-01
0.000000000000000000e+00
1.570570319890975952e-01
1.990802407264709473e+00
0.000000000000000000e+00
7.153611660003662109e+00
8.607886314392089844e+00
6.701995849609375000e+00
8.932082176208496094e+00
5.232581138610839844e+00
6.197353363037109375e+00
0.000000000000000000e+00
0.000000000000000000e+00
1.798354864120483398e+00
0.000000000000000000e+00
3.502255678176879883e+00
3.562967538833618164e+00
3.716313600540161133e+00
3.852637052536010742e+00
8.686272501945495605e-01
4.680010318756103516e+00
0.000000000000000000e+00
0.000000000000000000e+00
1.104082226753234863e+00
0.000000000000000000e+00
3.160943508148193359e+00
3.408254861831665039e+00
3.318900346755981445e+00
3.518755435943603516e+00
1.563772082328796387e+00
3.461827516555786133e+00
0.000000000000000000e+00
0.000000000000000000e+00
6.080235958099365234e+00
7.138638973236083984e+00
1.326975941658020020e+00
1.313448667526245117e+00
0.000000000000000000e+00
0.000000000000000000e+00
0.000000000000000000e+00
0.000000000000000000e+00
8.080677986145019531e+00
5.919910907745361328e+00
2.138706684112548828e+00
4.699148654937744141e+00
4.286396205425262451e-01
6.141746044158935547e-01
0.000000000000000000e+00
0.000000000000000000e+00
0.000000000000000000e+00
0.000000000000000000e+00
2.646592140197753906e+00
4.288427352905273438e+00
3.729425907135009766e+00
0.000000000000000000e+00
3.743133306503295898e+00
2.077127933502197266e+00
3.634689331054687500e+00
2.103652715682983398e+00
0.000000000000000000e+00
4.418388843536376953e+00
1.390201449394226074e+00
7.308776378631591797e-01
4.977108478546142578e+00
1.003897285461425781e+01
7.153809070587158203e-01
1.361814141273498535e+00
0.000000000000000000e+00
0.000000000000000000e+00
0.000000000000000000e+00
0.000000000000000000e+00
6.558769702911376953e+00
8.388264656066894531e+00
2.785417079925537109e+00
0.000000000000000000e+00
3.368991374969482422e+00
2.479650497436523438e+00
3.566859960556030273e+00
2.818007707595825195e+00
0.000000000000000000e+00
5.282738208770751953e+00
4.081073403358459473e-01
4.244026541709899902e-01
6.098268508911132812e+00
7.516512393951416016e+00
1.230577468872070312e+00
1.322699546813964844e+00
0.000000000000000000e+00
0.000000000000000000e+00
0.000000000000000000e+00
0.000000000000000000e+00
8.189761161804199219e+00
6.145729541778564453e+00
5.782312393188476562e+00
6.139219284057617188e+00
1.499881863594055176e+00
1.222656011581420898e+00
4.290521740913391113e-01
0.000000000000000000e+00
0.000000000000000000e+00
0.000000000000000000e+00
7.531927585601806641e+00
5.160037040710449219e+00
1.065600013732910156e+01
4.143387675285339355e-01
7.927938461303710938e+00
3.167758226394653320e+00
6.435435295104980469e+00
2.068696260452270508e+00
0.000000000000000000e+00
4.804081439971923828e+00
7.082916736602783203e+00
2.552140951156616211e+00
7.741826772689819336e-01
0.000000000000000000e+00
1.659802198410034180e+00
1.462984323501586914e+00
1.930350780487060547e+00
1.164521813392639160e+00
6.505836248397827148e-01
1.811985015869140625e+00
0.000000000000000000e+00
7.581331729888916016e-01
9.721961021423339844e+00
6.954690933227539062e+00
3.634687185287475586e+00
2.126183509826660156e+00
2.304091691970825195e+00
0.000000000000000000e+00
0.000000000000000000e+00
0.000000000000000000e+00
1.147690868377685547e+01
6.426761150360107422e+00
5.425670146942138672e-01
0.000000000000000000e+00
2.967592000961303711e+00
3.081711769104003906e+00
3.137637853622436523e+00
2.867501497268676758e+00
2.414021015167236328e+00
2.076386690139770508e+00
0.000000000000000000e+00
0.000000000000000000e+00
1.218392848968505859e+00
0.000000000000000000e+00
3.066190481185913086e+00
3.154513597488403320e+00
3.299337387084960938e+00
3.222973108291625977e+00
1.275148987770080566e+00
3.517632246017456055e+00
0.000000000000000000e+00
1.084183156490325928e-02
2.864785194396972656e+00
0.000000000000000000e+00
4.263269424438476562e+00
4.108228206634521484e+00
4.453707695007324219e+00
4.748237609863281250e+00
1.390124559402465820e-01
6.596951007843017578e+00
0.000000000000000000e+00
0.000000000000000000e+00
4.249960780143737793e-01
0.000000000000000000e+00
2.833135128021240234e+00
2.815159082412719727e+00
3.039194583892822266e+00
2.507477045059204102e+00
2.481461048126220703e+00
1.713598608970642090e+00
0.000000000000000000e+00
0.000000000000000000e+00
2.122758865356445312e+00
0.000000000000000000e+00
3.652960777282714844e+00
3.666564464569091797e+00
3.859249830245971680e+00
4.107548713684082031e+00
5.519192218780517578e-01
5.298548698425292969e+00
0.000000000000000000e+00
0.000000000000000000e+00
5.086920738220214844e+00
6.375710368156433105e-01
3.634873151779174805e+00
1.391342163085937500e+00
3.178270578384399414e+00
5.263639092445373535e-01
0.000000000000000000e+00
2.086180925369262695e+00
3.647051334381103516e+00
1.705759763717651367e+00
4.516434669494628906e+00
9.363381385803222656e+00
6.742956042289733887e-01
1.295834779739379883e+00
0.000000000000000000e+00
0.000000000000000000e+00
0.000000000000000000e+00
0.000000000000000000e+00
5.823463439941406250e+00
8.052606582641601562e+00
4.708663821220397949e-01
1.356880426406860352e+00
4.600846469402313232e-01
3.393340408802032471e-01
2.496631145477294922e-01
0.000000000000000000e+00
3.313076496124267578e-01
0.000000000000000000e+00
1.079409644007682800e-01
1.941358566284179688e+00
1.503703951835632324e+00
0.000000000000000000e+00
5.986468791961669922e+00
7.043706417083740234e+00
5.710000991821289062e+00
7.156763076782226562e+00
4.628485679626464844e+00
4.831874370574951172e+00
0.000000000000000000e+00
0.000000000000000000e+00
1.953268170356750488e+00
3.661441326141357422e+00
4.158170819282531738e-01
4.944236874580383301e-01
0.000000000000000000e+00
0.000000000000000000e+00
0.000000000000000000e+00
0.000000000000000000e+00
2.454654693603515625e+00
3.432926654815673828e+00
7.786390185356140137e-01
1.565047860145568848e+00
3.912198543548583984e-01
2.915932834148406982e-01
1.840761601924896240e-01
0.000000000000000000e+00
0.000000000000000000e+00
0.000000000000000000e+00
6.289376616477966309e-01
2.017696142196655273e+00
2.624085426330566406e+00
6.005933284759521484e+00
5.530333518981933594e-01
9.790695905685424805e-01
0.000000000000000000e+00
0.000000000000000000e+00
0.000000000000000000e+00
0.000000000000000000e+00
2.885021209716796875e+00
6.015503883361816406e+00
4.608140468597412109e+00
0.000000000000000000e+00
4.124446392059326172e+00
1.957154273986816406e+00
3.799487352371215820e+00
1.733568549156188965e+00
0.000000000000000000e+00
3.949789285659790039e+00
2.254742145538330078e+00
1.034250497817993164e+00
4.452025890350341797e-01
0.000000000000000000e+00
1.524823188781738281e+00
1.234273433685302734e+00
1.901833176612854004e+00
9.969370365142822266e-01
7.336157560348510742e-01
1.503406286239624023e+00
0.000000000000000000e+00
3.860757946968078613e-01
5.135401725769042969e+00
0.000000000000000000e+00
5.318690299987792969e+00
3.245808839797973633e+00
5.024119377136230469e+00
3.591253995895385742e+00
0.000000000000000000e+00
6.738127231597900391e+00
1.669897794723510742e+00
6.427928209304809570e-01
1.215959191322326660e+00
3.765446662902832031e+00
4.916500449180603027e-01
6.371327042579650879e-01
0.000000000000000000e+00
0.000000000000000000e+00
4.165890216827392578e-01
0.000000000000000000e+00
9.752873182296752930e-01
4.097185611724853516e+00
1.288020491600036621e+00
0.000000000000000000e+00
4.585363388061523438e+00
5.301280498504638672e+00
4.508937835693359375e+00
5.446032524108886719e+00
3.097844600677490234e+00
4.179434776306152344e+00
0.000000000000000000e+00
0.000000000000000000e+00
7.032948732376098633e-01
0.000000000000000000e+00
2.790951967239379883e+00
2.970468759536743164e+00
2.976521968841552734e+00
2.916535377502441406e+00
1.818428397178649902e+00
2.538776636123657227e+00
0.000000000000000000e+00
0.000000000000000000e+00
1.465951204299926758e-01
3.113958239555358887e-01
1.402817368507385254e+00
1.167930960655212402e+00
1.438432931900024414e+00
5.191205739974975586e-01
1.608356356620788574e+00
4.362952709197998047e-01
0.000000000000000000e+00
9.471807479858398438e-01
2.043847084045410156e+00
0.000000000000000000e+00
2.585607290267944336e+00
1.869150638580322266e+00
2.867588281631469727e+00
2.054423093795776367e+00
0.000000000000000000e+00
4.079358577728271484e+00
2.391057014465332031e-01
4.488990008831024170e-01
9.280596971511840820e-01
0.000000000000000000e+00
2.164251565933227539e+00
1.988419532775878906e+00
2.501120805740356445e+00
1.976340174674987793e+00
6.596561074256896973e-01
2.693751096725463867e+00
0.000000000000000000e+00
2.128747999668121338e-01
9.243305206298828125e+00
2.837703704833984375e+00
5.369243144989013672e+00
2.184571743011474609e+00
4.243158340454101562e+00
0.000000000000000000e+00
0.000000000000000000e+00
1.610600709915161133e+00
8.359855651855468750e+00
3.783528089523315430e+00
7.930696487426757812e+00
4.578816890716552734e-01
5.865008354187011719e+00
2.312324762344360352e+00
4.881964683532714844e+00
1.362159609794616699e+00
0.000000000000000000e+00
3.548972606658935547e+00
5.339939594268798828e+00
2.099150419235229492e+00
6.210657954216003418e-01
0.000000000000000000e+00
3.364785194396972656e+00
3.538766145706176758e+00
3.492178201675415039e+00
3.307269811630249023e+00
2.813467979431152344e+00
2.266443014144897461e+00
0.000000000000000000e+00
0.000000000000000000e+00
4.035852432250976562e+00
1.566130876541137695e+00
2.267770767211914062e+00
9.220955371856689453e-01
2.004695653915405273e+00
0.000000000000000000e+00
0.000000000000000000e+00
7.786418795585632324e-01
3.782758474349975586e+00
2.162010192871093750e+00
1.958267092704772949e+00
4.930984020233154297e+00
4.774544835090637207e-01
7.375385761260986328e-01
0.000000000000000000e+00
0.000000000000000000e+00
0.000000000000000000e+00
0.000000000000000000e+00
2.131075859069824219e+00
4.866913795471191406e+00
6.182963252067565918e-01
2.370418608188629150e-01
8.555082678794860840e-01
5.541586279869079590e-01
1.032612562179565430e+00
9.860766679048538208e-02
7.983157783746719360e-02
9.065693616867065430e-01
2.430669218301773071e-02
1.031901836395263672e+00
6.401688575744628906e+00
4.274599552154541016e+00
2.616921424865722656e+00
1.341447234153747559e+00
1.908834695816040039e+00
0.000000000000000000e+00
0.000000000000000000e+00
0.000000000000000000e+00
7.393109321594238281e+00
4.143526077270507812e+00
1.039499664306640625e+01
1.234567880630493164e+00
7.228726387023925781e+00
2.829186677932739258e+00
5.808805465698242188e+00
1.316867232322692871e+00
0.000000000000000000e+00
3.660898923873901367e+00
7.668964862823486328e+00
2.962582826614379883e+00
1.018085575103759766e+01
3.204604983329772949e-01
7.637450218200683594e+00
3.066116571426391602e+00
6.231074333190917969e+00
2.043077945709228516e+00
0.000000000000000000e+00
4.740961551666259766e+00
6.684812068939208984e+00
2.422129631042480469e+00
3.351919651031494141e+00
8.250436782836914062e+00
6.673445105552673340e-01
1.287001490592956543e+00
0.000000000000000000e+00
0.000000000000000000e+00
0.000000000000000000e+00
0.000000000000000000e+00
3.735587120056152344e+00
7.881587028503417969e+00
1.345959305763244629e+00
0.000000000000000000e+00
1.494848132133483887e+00
8.034558892250061035e-01
1.764683842658996582e+00
5.981185436248779297e-01
0.000000000000000000e+00
1.991310596466064453e+00
3.923347592353820801e-01
6.732552051544189453e-01
4.165022969245910645e-01
4.974844157695770264e-01
8.556933403015136719e-01
6.526349186897277832e-01
8.730576038360595703e-01
2.339233458042144775e-02
5.432819128036499023e-01
5.462585687637329102e-01
0.000000000000000000e+00
1.284482836723327637e+00
4.476812362670898438e+00
5.324077606201171875e+00
1.017332077026367188e+00
1.014091134071350098e+00
0.000000000000000000e+00
0.000000000000000000e+00
0.000000000000000000e+00
0.000000000000000000e+00
5.797338008880615234e+00
4.768244743347167969e+00
9.867102622985839844e+00
5.929957389831542969e+00
4.220729827880859375e+00
2.104282617568969727e+00
2.973128318786621094e+00
0.000000000000000000e+00
0.000000000000000000e+00
0.000000000000000000e+00
1.113320922851562500e+01
5.782262325286865234e+00
2.052055835723876953e+00
1.558355331420898438e+00
8.827795982360839844e-01
4.652438163757324219e-01
7.973028421401977539e-01
0.000000000000000000e+00
0.000000000000000000e+00
2.444560974836349487e-01
2.211186647415161133e+00
1.944779753684997559e+00
3.495721340179443359e+00
3.691702604293823242e+00
9.879901409149169922e-01
7.415143847465515137e-01
4.463493227958679199e-01
0.000000000000000000e+00
0.000000000000000000e+00
0.000000000000000000e+00
4.461452007293701172e+00
3.370049715042114258e+00
6.891973614692687988e-01
1.307090163230895996e+00
4.783042073249816895e-01
3.992909491062164307e-01
2.663873136043548584e-01
0.000000000000000000e+00
8.165691792964935303e-02
6.396757066249847412e-02
3.248866796493530273e-01
2.021779537200927734e+00
3.694767475128173828e+00
4.134969711303710938e+00
9.574210643768310547e-01
8.026521205902099609e-01
2.707662582397460938e-01
0.000000000000000000e+00
0.000000000000000000e+00
0.000000000000000000e+00
4.757849693298339844e+00
3.744197130203247070e+00
8.832424163818359375e+00
7.854038238525390625e+00
2.729290723800659180e+00
1.889707088470458984e+00
1.283780813217163086e+00
0.000000000000000000e+00
0.000000000000000000e+00
0.000000000000000000e+00
1.103380107879638672e+01
6.710718154907226562e+00
5.121056556701660156e+00
1.660005211830139160e+00
3.003573179244995117e+00
1.230960130691528320e+00
2.567938566207885742e+00
0.000000000000000000e+00
0.000000000000000000e+00
1.160356163978576660e+00
4.584110736846923828e+00
2.422914266586303711e+00
1.177144718170166016e+01
1.444616198539733887e+00
8.100031852722167969e+00
3.224361658096313477e+00
6.455537796020507812e+00
1.487646937370300293e+00
0.000000000000000000e+00
4.097320079803466797e+00
8.751753807067871094e+00
3.400465250015258789e+00
4.289035797119140625e+00
0.000000000000000000e+00
5.278180122375488281e+00
4.450114250183105469e+00
5.347336769104003906e+00
5.291380882263183594e+00
0.000000000000000000e+00
8.518825531005859375e+00
4.577695131301879883e-01
2.099673449993133545e-01
7.885226726531982422e+00
0.000000000000000000e+00
6.814287185668945312e+00
3.210101366043090820e+00
5.903489112854003906e+00
2.974661588668823242e+00
0.000000000000000000e+00
6.085771560668945312e+00
4.055426120758056641e+00
1.448344707489013672e+00
1.574971377849578857e-01
0.000000000000000000e+00
3.285050392150878906e+00
3.051982164382934570e+00
3.332185983657836914e+00
2.307651042938232422e+00
4.066098690032958984e+00
7.957615256309509277e-01
0.000000000000000000e+00
1.078955233097076416e-01
2.188781261444091797e+00
0.000000000000000000e+00
2.306999206542968750e+00
1.262350440025329590e+00
2.452131032943725586e+00
1.152468562126159668e+00
0.000000000000000000e+00
2.892340898513793945e+00
7.331513166427612305e-01
6.743556261062622070e-01
2.817014217376708984e+00
0.000000000000000000e+00
8.235901832580566406e+00
1.010138416290283203e+01
7.631286621093750000e+00
1.088756084442138672e+01
5.052915573120117188e+00
8.359853744506835938e+00
0.000000000000000000e+00
0.000000000000000000e+00
4.407911300659179688e+00
0.000000000000000000e+00
5.753934383392333984e+00
5.262730121612548828e+00
5.822347640991210938e+00
6.262648105621337891e+00
0.000000000000000000e+00
9.272454261779785156e+00
2.616376280784606934e-01
1.153287291526794434e-02
8.880440592765808105e-01
0.000000000000000000e+00
3.690478324890136719e+00
4.127388000488281250e+00
3.734975576400756836e+00
4.105098247528076172e+00
2.693145990371704102e+00
3.094115734100341797e+00
0.000000000000000000e+00
0.000000000000000000e+00
2.088785648345947266e+00
3.325765848159790039e+00
5.290099978446960449e-01
6.539117693901062012e-01
0.000000000000000000e+00
0.000000000000000000e+00
0.000000000000000000e+00
0.000000000000000000e+00
2.307044982910156250e+00
3.643228769302368164e+00
2.958791732788085938e+00
0.000000000000000000e+00
3.336819410324096680e+00
2.184208154678344727e+00
3.446913957595825195e+00
2.373284339904785156e+00
0.000000000000000000e+00
4.775478839874267578e+00
6.829755306243896484e-01
5.529927015304565430e-01
2.034629821777343750e+00
1.501951217651367188e-01
1.701079010963439941e+00
6.843614578247070312e-01
1.798800587654113770e+00
2.488869130611419678e-01
0.000000000000000000e+00
1.502324461936950684e+00
1.168968915939331055e+00
9.594483375549316406e-01
6.116817951202392578e+00
1.329153347015380859e+01
9.072861075401306152e-01
1.888525128364562988e+00
0.000000000000000000e+00
0.000000000000000000e+00
0.000000000000000000e+00
0.000000000000000000e+00
7.810758590698242188e+00
1.134024047851562500e+01
1.406783461570739746e+00
0.000000000000000000e+00
6.265817642211914062e+00
7.269309997558593750e+00
5.963685989379882812e+00
7.245115280151367188e+00
5.243007183074951172e+00
4.518868923187255859e+00
0.000000000000000000e+00
0.000000000000000000e+00
1.379065513610839844e+00
2.861561059951782227e+00
4.156133532524108887e-01
4.653797447681427002e-01
0.000000000000000000e+00
0.000000000000000000e+00
0.000000000000000000e+00
0.000000000000000000e+00
1.448168396949768066e+00
3.104782581329345703e+00
2.703115463256835938e+00
2.727596163749694824e-01
2.033085584640502930e+00
9.335171580314636230e-01
2.027279376983642578e+00
3.601692914962768555e-01
0.000000000000000000e+00
1.840878963470458984e+00
1.686611175537109375e+00
1.325334072113037109e+00
2.560020446777343750e+00
4.746814250946044922e+00
4.722292423248291016e-01
6.655200719833374023e-01
0.000000000000000000e+00
0.000000000000000000e+00
0.000000000000000000e+00
0.000000000000000000e+00
3.261985301971435547e+00
4.338126659393310547e+00
1.595964312553405762e+00
0.000000000000000000e+00
2.234939336776733398e+00
1.716589331626892090e+00
2.574324369430541992e+00
1.861208319664001465e+00
0.000000000000000000e+00
3.551040172576904297e+00
6.133279949426651001e-02
3.925628960132598877e-01
7.855234622955322266e+00
3.344632387161254883e+00
4.043554306030273438e+00
1.711375474929809570e+00
3.164311170578002930e+00
0.000000000000000000e+00
0.000000000000000000e+00
5.896710157394409180e-01
7.866408824920654297e+00
3.861501216888427734e+00
3.514800548553466797e+00
6.419375419616699219e+00
5.608459115028381348e-01
9.178827404975891113e-01
0.000000000000000000e+00
0.000000000000000000e+00
0.000000000000000000e+00
0.000000000000000000e+00
4.554093837738037109e+00
5.686237812042236328e+00
1.436088800430297852e+00
0.000000000000000000e+00
2.915974140167236328e+00
2.894056797027587891e+00
3.171835184097290039e+00
3.087670087814331055e+00
7.452933192253112793e-01
3.878560304641723633e+00
0.000000000000000000e+00
3.634800016880035400e-02
5.345770835876464844e+00
2.620838165283203125e+00
2.629062891006469727e+00
1.155142784118652344e+00
2.138181686401367188e+00
0.000000000000000000e+00
0.000000000000000000e+00
3.510583639144897461e-01
5.521927356719970703e+00
3.033504486083984375e+00
7.781345367431640625e+00
6.325216889381408691e-01
5.624324321746826172e+00
2.229807615280151367e+00
4.685297012329101562e+00
1.180473685264587402e+00
0.000000000000000000e+00
3.308475255966186523e+00
5.402545928955078125e+00
2.220491170883178711e+00
0.000000000000000000e+00
8.963232040405273438e-01
4.894999504089355469e+00
4.688767910003662109e+00
4.333021163940429688e+00
3.108732461929321289e+00
7.868903160095214844e+00
0.000000000000000000e+00
0.000000000000000000e+00
8.281383514404296875e-01
2.261952877044677734e+00
0.000000000000000000e+00
6.921282768249511719e+00
8.365423202514648438e+00
6.513618469238281250e+00
8.912106513977050781e+00
4.346794128417968750e+00
6.841454029083251953e+00
0.000000000000000000e+00
0.000000000000000000e+00
6.929276466369628906e+00
0.000000000000000000e+00
8.795392036437988281e+00
8.217995643615722656e+00
8.604010581970214844e+00
9.947483062744140625e+00
0.000000000000000000e+00
1.420925140380859375e+01
5.197599530220031738e-01
0.000000000000000000e+00
5.248923599720001221e-02
1.481606811285018921e-02
1.891070723533630371e+00
1.567187309265136719e+00
2.079333305358886719e+00
9.882627725601196289e-01
2.198772668838500977e+00
5.274146795272827148e-01
0.000000000000000000e+00
4.274143576622009277e-01
1.160523295402526855e+00
0.000000000000000000e+00
1.517007708549499512e+00
9.597694277763366699e-01
1.859487771987915039e+00
8.530194759368896484e-01
0.000000000000000000e+00
2.275611877441406250e+00
1.438121497631072998e-01
5.774749517440795898e-01
1.648250341415405273e+00
0.000000000000000000e+00
6.770146369934082031e+00
8.001485824584960938e+00
6.386408805847167969e+00
8.104340553283691406e+00
5.441896438598632812e+00
5.221791744232177734e+00
0.000000000000000000e+00
0.000000000000000000e+00
4.986567497253417969e-01
2.768944799900054932e-01
7.141641974449157715e-01
3.369275331497192383e-01
9.552589654922485352e-01
0.000000000000000000e+00
0.000000000000000000e+00
6.795815825462341309e-01
6.683502346277236938e-02
8.469333648681640625e-01
5.455528736114501953e+00
9.938808441162109375e+00
7.479017972946166992e-01
1.362003326416015625e+00
0.000000000000000000e+00
0.000000000000000000e+00
0.000000000000000000e+00
0.000000000000000000e+00
7.326501369476318359e+00
8.178579330444335938e+00
2.400516510009765625e+00
0.000000000000000000e+00
2.538253068923950195e+00
1.589785814285278320e+00
2.705645561218261719e+00
1.517534494400024414e+00
0.000000000000000000e+00
3.547692298889160156e+00
6.831632852554321289e-01
7.743026018142700195e-01
2.494233131408691406e+00
0.000000000000000000e+00
2.601324558258056641e+00
1.712270259857177734e+00
2.771626234054565430e+00
1.634200215339660645e+00
0.000000000000000000e+00
3.751744270324707031e+00
6.948693990707397461e-01
8.433454036712646484e-01
2.213502407073974609e+00
1.982527256011962891e+00
8.330623507499694824e-01
6.418195962905883789e-01
4.942972660064697266e-01
0.000000000000000000e+00
0.000000000000000000e+00
3.457736968994140625e-01
2.276981353759765625e+00
2.587106704711914062e+00
1.413253402709960938e+01
9.893757820129394531e+00
5.343862056732177734e+00
3.031433820724487305e+00
3.296156406402587891e+00
0.000000000000000000e+00
0.000000000000000000e+00
0.000000000000000000e+00
1.669682884216308594e+01
8.850534439086914062e+00
1.140098810195922852e+00
0.000000000000000000e+00
4.541943550109863281e+00
5.224054336547851562e+00
4.463067054748535156e+00
5.274557113647460938e+00
3.357774972915649414e+00
3.811180591583251953e+00
0.000000000000000000e+00
0.000000000000000000e+00
2.588598728179931641e+00
0.000000000000000000e+00
3.126839160919189453e+00
2.254730939865112305e+00
3.343691587448120117e+00
2.524209737777709961e+00
0.000000000000000000e+00
4.874157905578613281e+00
3.904346823692321777e-01
4.599242508411407471e-01
1.284192681312561035e+00
0.000000000000000000e+00
1.346233844757080078e+00
7.455371022224426270e-01
1.606154799461364746e+00
4.648085534572601318e-01
0.000000000000000000e+00
1.803237080574035645e+00
4.176976382732391357e-01
8.024871349334716797e-01
4.051671504974365234e+00
7.571463584899902344e+00
5.984015464782714844e-01
9.934800267219543457e-01
0.000000000000000000e+00
0.000000000000000000e+00
0.000000000000000000e+00
0.000000000000000000e+00
5.440273284912109375e+00
6.256889820098876953e+00
1.601885318756103516e+00
0.000000000000000000e+00
1.517991423606872559e+00
9.041052460670471191e-01
1.704964399337768555e+00
5.684247016906738281e-01
0.000000000000000000e+00
2.030826568603515625e+00
6.108572483062744141e-01
9.893345832824707031e-01
3.553297042846679688e+00
5.576592922210693359e+00
6.082624793052673340e-01
8.107852339744567871e-01
0.000000000000000000e+00
0.000000000000000000e+00
0.000000000000000000e+00
0.000000000000000000e+00
4.754943847656250000e+00
4.788481235504150391e+00
1.795390248298645020e+00
3.005963325500488281e+00
4.156075119972229004e-01
4.082843959331512451e-01
0.000000000000000000e+00
0.000000000000000000e+00
0.000000000000000000e+00
0.000000000000000000e+00
2.292005300521850586e+00
2.831147432327270508e+00
7.743910312652587891e+00
5.967271327972412109e+00
2.782731771469116211e+00
1.646300911903381348e+00
1.742618680000305176e+00
0.000000000000000000e+00
0.000000000000000000e+00
0.000000000000000000e+00
9.317901611328125000e+00
5.385251522064208984e+00
3.940104007720947266e+00
2.821704447269439697e-01
2.965129613876342773e+00
1.239602565765380859e+00
2.743431329727172852e+00
5.949414372444152832e-01
0.000000000000000000e+00
2.215405702590942383e+00
2.552210569381713867e+00
1.422626614570617676e+00
2.135393142700195312e+00
1.521813750267028809e+00
9.280617833137512207e-01
5.774986147880554199e-01
7.855388522148132324e-01
0.000000000000000000e+00
0.000000000000000000e+00
5.084918141365051270e-01
2.133073568344116211e+00
2.139916181564331055e+00
1.502108573913574219e+00
1.163937449455261230e+00
7.124649882316589355e-01
4.184769988059997559e-01
6.670106649398803711e-01
0.000000000000000000e+00
0.000000000000000000e+00
4.677193760871887207e-01
1.397083044052124023e+00
1.750109553337097168e+00
4.224190711975097656e+00
1.057604408264160156e+01
8.204376101493835449e-01
1.637657046318054199e+00
0.000000000000000000e+00
0.000000000000000000e+00
0.000000000000000000e+00
0.000000000000000000e+00
4.782633304595947266e+00
9.827874183654785156e+00
1.156506091356277466e-01
0.000000000000000000e+00
1.914116501808166504e+00
1.613482117652893066e+00
2.146305561065673828e+00
1.088644742965698242e+00
2.039739847183227539e+00
7.000089287757873535e-01
0.000000000000000000e+00
3.506610095500946045e-01
1.639010667800903320e+00
4.714854717254638672e+00
5.495783090591430664e-01
8.314415216445922852e-01
0.000000000000000000e+00
0.000000000000000000e+00
3.654684126377105713e-01
0.000000000000000000e+00
1.407789230346679688e+00
5.088314533233642578e+00
2.161705493927001953e+00
0.000000000000000000e+00
4.209670066833496094e+00
4.496811866760253906e+00
4.314753532409667969e+00
4.971305847167968750e+00
1.128339886665344238e+00
5.644061565399169922e+00
0.000000000000000000e+00
0.000000000000000000e+00
7.688177824020385742e-01
0.000000000000000000e+00
3.469765901565551758e+00
3.768778085708618164e+00
3.569926977157592773e+00
3.651246309280395508e+00
2.641265153884887695e+00
2.701895475387573242e+00
0.000000000000000000e+00
0.000000000000000000e+00
6.870248317718505859e-01
0.000000000000000000e+00
5.715498924255371094e+00
5.884143352508544922e+00
5.572578430175781250e+00
5.262269020080566406e+00
6.067549228668212891e+00
2.347690105438232422e+00
0.000000000000000000e+00
0.000000000000000000e+00
0.000000000000000000e+00
1.054378271102905273e+00
3.550644636154174805e+00
3.371232032775878906e+00
3.079928636550903320e+00
1.955134749412536621e+00
6.022655963897705078e+00
0.000000000000000000e+00
0.000000000000000000e+00
1.123283624649047852e+00
8.787791728973388672e-01
2.197752892971038818e-01
9.030551910400390625e-01
5.472303032875061035e-01
1.089617967605590820e+00
1.065158173441886902e-01
0.000000000000000000e+00
1.092822670936584473e+00
2.527110278606414795e-01
1.060766458511352539e+00
1.982603192329406738e+00
0.000000000000000000e+00
2.021998882293701172e+00
1.197442054748535156e+00
2.217192411422729492e+00
9.970247745513916016e-01
0.000000000000000000e+00
2.727621078491210938e+00
6.498971581459045410e-01
8.264595270156860352e-01
2.834322929382324219e+00
0.000000000000000000e+00
3.604503631591796875e+00
2.941718816757202148e+00
3.837690114974975586e+00
3.375820159912109375e+00
0.000000000000000000e+00
5.803652286529541016e+00
2.473830580711364746e-01
3.782674074172973633e-01
1.786252617835998535e+00
5.213546752929687500e+00
5.338140726089477539e-01
8.106364607810974121e-01
0.000000000000000000e+00
0.000000000000000000e+00
3.044078052043914795e-01
0.000000000000000000e+00
1.736901164054870605e+00
5.223943233489990234e+00
6.807030677795410156e+00
5.218419551849365234e+00
2.490460157394409180e+00
1.424939632415771484e+00
1.628732204437255859e+00
0.000000000000000000e+00
0.000000000000000000e+00
0.000000000000000000e+00
8.174341201782226562e+00
4.740494728088378906e+00
2.449593544006347656e+00
0.000000000000000000e+00
5.107728004455566406e+00
5.723291397094726562e+00
5.071943283081054688e+00
6.332684040069580078e+00
1.741377115249633789e+00
6.539098262786865234e+00
0.000000000000000000e+00
0.000000000000000000e+00
1.800812840461730957e+00
4.494594573974609375e+00
5.538523197174072266e-01
8.785445094108581543e-01
0.000000000000000000e+00
0.000000000000000000e+00
7.768715173006057739e-02
0.000000000000000000e+00
1.581289410591125488e+00
5.058965682983398438e+00
2.363790988922119141e+00
9.402818232774734497e-02
1.877337098121643066e+00
1.035602211952209473e+00
1.919664621353149414e+00
5.316267013549804688e-01
0.000000000000000000e+00
2.149065256118774414e+00
1.270666837692260742e+00
1.313531756401062012e+00
0.000000000000000000e+00
1.457898736000061035e+00
2.873505592346191406e+00
2.682176828384399414e+00
2.339668750762939453e+00
1.202515244483947754e+00
5.338370323181152344e+00
0.000000000000000000e+00
0.000000000000000000e+00
1.450168490409851074e+00
3.918955802917480469e+00
0.000000000000000000e+00
4.703141212463378906e+00
3.710326671600341797e+00
4.786541938781738281e+00
4.375225067138671875e+00
0.000000000000000000e+00
7.470582485198974609e+00
5.479264259338378906e-01
3.035018146038055420e-01
4.196733474731445312e+00
0.000000000000000000e+00
3.456975936889648438e+00
1.594635605812072754e+00
3.204145669937133789e+00
1.138541698455810547e+00
0.000000000000000000e+00
3.130759954452514648e+00
2.306001186370849609e+00
1.292760729789733887e+00
2.970640063285827637e-01
1.446734786033630371e+00
1.130989551544189453e+00
1.152689218521118164e+00
6.252853274345397949e-01
0.000000000000000000e+00
1.846012711524963379e+00
0.000000000000000000e+00
0.000000000000000000e+00
2.218525171279907227e+00
2.432016372680664062e+00
0.000000000000000000e+00
2.627908945083618164e+00
1.549084424972534180e+00
2.762150526046752930e+00
1.528062701225280762e+00
0.000000000000000000e+00
3.486765146255493164e+00
7.127395868301391602e-01
6.491193771362304688e-01
1.711214542388916016e+00
5.425518035888671875e+00
6.169389486312866211e-01
9.319481849670410156e-01
0.000000000000000000e+00
0.000000000000000000e+00
7.303116321563720703e-01
0.000000000000000000e+00
1.419568300247192383e+00
5.658211231231689453e+00
2.120525836944580078e+00
2.400140285491943359e+00
6.593689918518066406e-01
5.356169342994689941e-01
2.594980597496032715e-01
0.000000000000000000e+00
0.000000000000000000e+00
0.000000000000000000e+00
2.418391942977905273e+00
2.666970968246459961e+00
3.217839300632476807e-01
1.381170272827148438e+00
5.054370760917663574e-01
3.337502777576446533e-01
2.822059392929077148e-01
0.000000000000000000e+00
5.743936896324157715e-01
0.000000000000000000e+00
0.000000000000000000e+00
1.849579334259033203e+00
2.369520068168640137e-01
0.000000000000000000e+00
2.688740253448486328e+00
2.482419729232788086e+00
2.872107505798339844e+00
1.948730826377868652e+00
2.824230670928955078e+00
1.081192493438720703e+00
0.000000000000000000e+00
7.252317667007446289e-02
1.886644363403320312e+00
0.000000000000000000e+00
5.605450153350830078e+00
6.626608371734619141e+00
5.416489601135253906e+00
7.030135154724121094e+00
3.314514636993408203e+00
5.715313911437988281e+00
0.000000000000000000e+00
0.000000000000000000e+00
1.171252608299255371e+00
0.000000000000000000e+00
2.557259321212768555e+00
2.470215320587158203e+00
2.851341962814331055e+00
2.557354927062988281e+00
7.395585775375366211e-01
3.276355743408203125e+00
0.000000000000000000e+00
1.160321086645126343e-01
2.440336227416992188e+00
4.316293239593505859e+00
4.907632470130920410e-01
6.634664535522460938e-01
0.000000000000000000e+00
0.000000000000000000e+00
0.000000000000000000e+00
0.000000000000000000e+00
3.007340908050537109e+00
4.149614810943603516e+00
1.620053648948669434e+00
0.000000000000000000e+00
2.502419710159301758e+00
2.139580488204956055e+00
2.839543581008911133e+00
2.314182996749877930e+00
1.783805340528488159e-02
3.840076684951782227e+00
0.000000000000000000e+00
3.406209945678710938e-01
0.000000000000000000e+00
8.109056353569030762e-01
1.915190935134887695e+00
1.737235784530639648e+00
1.690720558166503906e+00
7.430941462516784668e-01
3.095550060272216797e+00
0.000000000000000000e+00
0.000000000000000000e+00
1.231299757957458496e+00
2.113127112388610840e-01
0.000000000000000000e+00
2.252198457717895508e+00
2.033632040023803711e+00
2.445802927017211914e+00
1.494281530380249023e+00
2.362393617630004883e+00
9.264795184135437012e-01
0.000000000000000000e+00
3.158215284347534180e-01
7.620735764503479004e-01
0.000000000000000000e+00
4.204608917236328125e+00
4.550707340240478516e+00
4.208719253540039062e+00
4.321942329406738281e+00
3.687053442001342773e+00
2.693496942520141602e+00
0.000000000000000000e+00
0.000000000000000000e+00
4.191954135894775391e+00
0.000000000000000000e+00
5.324228286743164062e+00
4.679594993591308594e+00
5.407267570495605469e+00
5.568873405456542969e+00
0.000000000000000000e+00
8.616472244262695312e+00
3.381537199020385742e-01
1.144914031028747559e-01
1.405515551567077637e+00
0.000000000000000000e+00
2.255499124526977539e+00
1.909865140914916992e+00
2.612944841384887695e+00
1.976971030235290527e+00
8.433312177658081055e-02
3.369029283523559570e+00
0.000000000000000000e+00
4.316523373126983643e-01
4.527820348739624023e-01
0.000000000000000000e+00
2.352251529693603516e+00
2.324857711791992188e+00
2.617420673370361328e+00
2.112810373306274414e+00
1.749980568885803223e+00
1.792928934097290039e+00
0.000000000000000000e+00
0.000000000000000000e+00
3.897982597351074219e+00
0.000000000000000000e+00
1.129935646057128906e+01
1.409056568145751953e+01
1.024599742889404297e+01
1.527733135223388672e+01
7.086349487304687500e+00
1.136301231384277344e+01
0.000000000000000000e+00
0.000000000000000000e+00
1.020056605339050293e+00
0.000000000000000000e+00
2.577471017837524414e+00
2.548180818557739258e+00
2.860624074935913086e+00
2.572239875793457031e+00
1.000429391860961914e+00
3.022399663925170898e+00
0.000000000000000000e+00
8.318877220153808594e-02
2.976869583129882812e+00
0.000000000000000000e+00
7.569409847259521484e+00
9.143985748291015625e+00
7.135197639465332031e+00
1.000650310516357422e+01
3.891478538513183594e+00
8.485705375671386719e+00
0.000000000000000000e+00
0.000000000000000000e+00
3.017302513122558594e+00
0.000000000000000000e+00
3.835285186767578125e+00
3.174459457397460938e+00
4.051478862762451172e+00
3.665647983551025391e+00
0.000000000000000000e+00
6.182044506072998047e+00
2.565868496894836426e-01
3.547670245170593262e-01
5.103814125061035156e+00
8.993434906005859375e+00
7.171384096145629883e-01
1.275166749954223633e+00
0.000000000000000000e+00
0.000000000000000000e+00
0.000000000000000000e+00
0.000000000000000000e+00
6.790345191955566406e+00
7.615803241729736328e+00
2.833149433135986328e+00
3.720573663711547852e+00
6.817901134490966797e-01
7.488386034965515137e-01
0.000000000000000000e+00
0.000000000000000000e+00
0.000000000000000000e+00
0.000000000000000000e+00
3.365423679351806641e+00
3.822123289108276367e+00
5.562587380409240723e-01
0.000000000000000000e+00
4.730222702026367188e+00
4.800121784210205078e+00
4.702746391296386719e+00
4.248635292053222656e+00
4.931622505187988281e+00
2.020795583724975586e+00
0.000000000000000000e+00
0.000000000000000000e+00
1.743447542190551758e+00
0.000000000000000000e+00
3.583185672760009766e+00
3.754167795181274414e+00
3.750881433486938477e+00
4.074243545532226562e+00
1.045534729957580566e+00
4.689266681671142578e+00
0.000000000000000000e+00
0.000000000000000000e+00
2.193523645401000977e-01
0.000000000000000000e+00
2.775340557098388672e+00
2.561537504196166992e+00
2.932265043258666992e+00
1.985588669776916504e+00
3.031412601470947266e+00
1.015753865242004395e+00
0.000000000000000000e+00
9.894417226314544678e-02
3.556377291679382324e-01
0.000000000000000000e+00
2.315708637237548828e+00
2.201219558715820312e+00
2.583346843719482422e+00
1.870635628700256348e+00
1.967437148094177246e+00
1.449408531188964844e+00
0.000000000000000000e+00
6.758250296115875244e-02
1.087796115875244141e+01
5.669579505920410156e+00
5.009092330932617188e+00
2.374232530593872070e+00
3.625847101211547852e+00
0.000000000000000000e+00
0.000000000000000000e+00
0.000000000000000000e+00
1.172746849060058594e+01
5.904701232910156250e+00
3.238729953765869141e+00
0.000000000000000000e+00
2.937362909317016602e+00
1.344128608703613281e+00
2.843987703323364258e+00
1.079959750175476074e+00
0.000000000000000000e+00
2.846316576004028320e+00
1.581474184989929199e+00
9.003907442092895508e-01
1.875802159309387207e+00
4.603607177734375000e+00
4.540785551071166992e-01
6.737450361251831055e-01
0.000000000000000000e+00
0.000000000000000000e+00
0.000000000000000000e+00
0.000000000000000000e+00
2.084583759307861328e+00
4.522073268890380859e+00
4.738429069519042969e+00
7.088112831115722656e+00
7.862401008605957031e-01
1.068077683448791504e+00
0.000000000000000000e+00
0.000000000000000000e+00
0.000000000000000000e+00
0.000000000000000000e+00
6.456921577453613281e+00
5.821373462677001953e+00
6.355947256088256836e-02
6.341486424207687378e-02
1.906285405158996582e+00
1.601991891860961914e+00
2.052050590515136719e+00
9.935777187347412109e-01
2.260722160339355469e+00
5.136108994483947754e-01
0.000000000000000000e+00
5.136145353317260742e-01
3.222110271453857422e+00
7.259022712707519531e+00
5.681894421577453613e-01
9.705299735069274902e-01
0.000000000000000000e+00
0.000000000000000000e+00
0.000000000000000000e+00
0.000000000000000000e+00
4.071553230285644531e+00
6.330928802490234375e+00
4.997925162315368652e-01
0.000000000000000000e+00
2.911949872970581055e+00
2.979457855224609375e+00
3.097246408462524414e+00
2.731337547302246094e+00
2.429771661758422852e+00
1.942858815193176270e+00
0.000000000000000000e+00
0.000000000000000000e+00
6.673635959625244141e+00
1.499730706214904785e+00
4.292819976806640625e+00
1.650820493698120117e+00
3.568114995956420898e+00
2.346887290477752686e-01
0.000000000000000000e+00
1.805637121200561523e+00
5.482344627380371094e+00
2.476652860641479492e+00
6.438901424407958984e-01
1.870780467987060547e+00
4.385099112987518311e-01
3.976894021034240723e-01
4.380218684673309326e-02
0.000000000000000000e+00
3.031417727470397949e-01
0.000000000000000000e+00
3.084845244884490967e-01
2.451535463333129883e+00
1.649868392944335938e+01
1.372410774230957031e+00
1.167877483367919922e+01
4.664339542388916016e+00
9.147356033325195312e+00
2.678972482681274414e+00
0.000000000000000000e+00
6.184362888336181641e+00
1.176995277404785156e+01
4.152351856231689453e+00
0.000000000000000000e+00
4.266138672828674316e-01
3.117111682891845703e+00
2.867379903793334961e+00
2.943383693695068359e+00
1.854431986808776855e+00
4.653830528259277344e+00
1.221031993627548218e-01
0.000000000000000000e+00
6.445469856262207031e-01
4.735694408416748047e+00
9.178695678710937500e+00
6.779657006263732910e-01
1.233565926551818848e+00
0.000000000000000000e+00
0.000000000000000000e+00
0.000000000000000000e+00
0.000000000000000000e+00
6.305733203887939453e+00
7.616043567657470703e+00
2.598134577274322510e-01
1.982708096504211426e+00
7.915198802947998047e-01
7.434064149856567383e-01
2.053357362747192383e-01
0.000000000000000000e+00
1.540643811225891113e+00
0.000000000000000000e+00
0.000000000000000000e+00
2.463686704635620117e+00
3.957253098487854004e-01
0.000000000000000000e+00
2.825060129165649414e+00
2.791008710861206055e+00
3.028366804122924805e+00
2.469753980636596680e+00
2.526539325714111328e+00
1.644490480422973633e+00
0.000000000000000000e+00
0.000000000000000000e+00
9.217621088027954102e-01
0.000000000000000000e+00
1.344485163688659668e+00
8.752339482307434082e-01
1.707967042922973633e+00
7.278548479080200195e-01
0.000000000000000000e+00
1.978560924530029297e+00
3.176363557577133179e-02
5.852744579315185547e-01
