-1.205024123191833496e-02
-6.977168377488851547e-03
-1.127284392714500427e-02
4.210432525724172592e-03
-9.403152391314506531e-03
1.990648172795772552e-02
-1.044985558837652206e-02
-5.638792365789413452e-02
-2.087067998945713043e-02
-1.859494671225547791e-02
4.064995050430297852e-02
-1.468955259770154953e-02
2.483399957418441772e-02
5.247927270829677582e-03
7.691807579249143600e-03
-5.902373231947422028e-03
-3.035790519788861275e-03
9.499812498688697815e-03
-1.775625161826610565e-02
-5.783266853541135788e-03
-8.142897486686706543e-02
-3.700728714466094971e-02
3.804471343755722046e-02
9.197681397199630737e-02
1.153600309044122696e-02
-1.019364688545465469e-02
-1.291098631918430328e-02
1.944515667855739594e-02
-1.016510277986526489e-02
-1.015597768127918243e-02
2.339044027030467987e-02
-9.892742149531841278e-03
-6.721029523760080338e-03
3.712102770805358887e-03
-3.446022048592567444e-02
-3.822766244411468506e-03
4.257899895310401917e-02
2.621178328990936279e-02
-9.805870242416858673e-03
-6.942787673324346542e-03
-1.917829737067222595e-03
-7.250216323882341385e-03
-9.490688331425189972e-03
3.184155561029911041e-03
-2.071869326755404472e-03
-2.738786395639181137e-03
7.993499748408794403e-03
3.226541215553879738e-03
-5.485506262630224228e-03
2.194488048553466797e-02
-1.221747323870658875e-02
-1.852868497371673584e-02
1.958453841507434845e-02
-2.208816073834896088e-02
-1.249821297824382782e-02
1.470250170677900314e-02
-4.642143379896879196e-03
-1.240857597440481186e-02
3.123398497700691223e-02
4.097806289792060852e-03
-1.503953896462917328e-02
-9.484316222369670868e-03
-1.540479529649019241e-02
1.001179870218038559e-02
-1.126335747539997101e-02
-1.876560971140861511e-02
-5.812858697026968002e-03
1.821802579797804356e-03
-1.182096265256404877e-02
2.344108372926712036e-02
7.514502853155136108e-03
-1.328888814896345139e-02
8.654877543449401855e-03
7.191924378275871277e-03
2.390651218593120575e-02
1.253269612789154053e-02
-5.417506676167249680e-03
-1.147864758968353271e-02
-1.355479005724191666e-02
1.675898022949695587e-02
-2.609119564294815063e-02
1.084437314420938492e-02
-4.490784835070371628e-03
-6.261508446186780930e-03
-1.688584126532077789e-02
2.597205527126789093e-02
1.564985141158103943e-02
-9.866378270089626312e-03
2.963638631626963615e-03
-8.397318422794342041e-03
1.703656464815139771e-02
6.341639906167984009e-03
-5.818675272166728973e-03
1.686371490359306335e-02
-1.597958849743008614e-03
-7.569483667612075806e-02
-8.255014196038246155e-03
-2.334279241040349007e-03
9.487587958574295044e-04
1.596868596971035004e-02
1.127937808632850647e-02
-9.258322417736053467e-03
-1.176530611701309681e-03
1.443131547421216965e-02
1.657719537615776062e-02
-1.236969418823719025e-02
-1.743024447932839394e-03
1.084057241678237915e-02
-1.140026655048131943e-02
-3.212891519069671631e-02
-1.467879861593246460e-03
-1.493616867810487747e-02
-8.666551671922206879e-03
1.932864263653755188e-02
7.314554415643215179e-03
2.596281934529542923e-03
1.794061739929020405e-03
-1.783364452421665192e-02
2.214298956096172333e-02
-1.832101144827902317e-03
1.454978808760643005e-02
-1.549024879932403564e-02
-2.528554527088999748e-03
-1.540273521095514297e-02
-5.339189432561397552e-03
4.492537118494510651e-03
-2.653180621564388275e-03
-1.400748267769813538e-02
4.420802462846040726e-03
-6.886440794914960861e-03
1.905989460647106171e-02
2.354466356337070465e-02
-1.548037119209766388e-02
2.708819881081581116e-02
-1.965191587805747986e-02
-1.408860739320516586e-02
4.335786029696464539e-02
-8.979469537734985352e-03
1.889377832412719727e-02
1.691928599029779434e-03
2.834455808624625206e-03
9.082449832931160927e-04
-6.202995777130126953e-03
-1.756907254457473755e-02
-1.660219021141529083e-02
-1.429117750376462936e-02
-7.346983253955841064e-02
-1.996965333819389343e-02
1.056225690990686417e-02
1.551459264010190964e-02
-3.501658793538808823e-03
1.220495905727148056e-02
1.027924474328756332e-02
1.046085823327302933e-02
-1.301908306777477264e-02
-1.081692241132259369e-02
-1.666887104511260986e-02
8.582105860114097595e-03
-6.885340902954339981e-03
2.636007778346538544e-02
2.556586824357509613e-02
-8.169759064912796021e-03
-1.849726215004920959e-02
2.376404777169227600e-02
7.291315123438835144e-03
-7.466921582818031311e-03
8.781848475337028503e-03
-8.134592324495315552e-03
-9.352909401059150696e-03
-3.462807741016149521e-03
-1.917178742587566376e-02
6.742478162050247192e-02
-2.061376534402370453e-02
2.680070511996746063e-02
-1.039566285908222198e-02
-2.793964743614196777e-02
2.552013099193572998e-02
1.299340650439262390e-02
-1.286971196532249451e-02
-2.145980112254619598e-02
3.678485983982682228e-03
2.490231767296791077e-03
-7.493916433304548264e-03
7.351759821176528931e-03
5.444280686788260937e-04
5.276962649077177048e-03
6.739396601915359497e-03
-1.909001730382442474e-02
-1.888055726885795593e-02
-7.123155053704977036e-03
2.336331456899642944e-02
2.287950180470943451e-02
-9.799845516681671143e-03
2.191869728267192841e-02
-5.293858703225851059e-03
4.254646599292755127e-03
4.208049736917018890e-03
-7.411783561110496521e-03
3.062184667214751244e-03
-2.055386081337928772e-03
-3.280368400737643242e-04
7.235904037952423096e-02
-3.669418627396225929e-03
1.462073903530836105e-02
-1.387047814205288887e-04
1.014269515872001648e-02
1.654447801411151886e-02
1.528616342693567276e-02
-8.004358387552201748e-04
4.682716447860002518e-03
-2.723597921431064606e-02
-1.309181004762649536e-02
1.140372129157185555e-03
-1.015471573919057846e-02
-1.849036850035190582e-02
-8.010129444301128387e-03
-5.269304383546113968e-04
2.498037926852703094e-02
2.438702620565891266e-02
-2.000344172120094299e-02
6.698972079902887344e-03
1.396214030683040619e-02
-5.093474101158790290e-05
7.742421329021453857e-02
5.747586837969720364e-04
-5.008422303944826126e-03
-2.698010392487049103e-02
-4.907261114567518234e-03
-8.079281076788902283e-03
-2.320717903785407543e-04
-2.545050717890262604e-02
8.826944977045059204e-03
-2.064982429146766663e-03
-9.298794902861118317e-03
4.520656366366893053e-04
-1.280166022479534149e-02
-1.697870157659053802e-02
-1.607285067439079285e-02
-5.035579949617385864e-02
2.406530641019344330e-02
-1.782947033643722534e-02
9.156677871942520142e-03
5.180083680897951126e-03
-1.473602652549743652e-02
-1.173743512481451035e-02
-4.470982123166322708e-03
-2.123404061421751976e-03
-2.424456924200057983e-02
-6.233966443687677383e-03
4.888253752142190933e-03
-1.232145074754953384e-02
-8.397875353693962097e-03
2.597979456186294556e-02
-1.768858544528484344e-02
-2.453842014074325562e-02
6.440546363592147827e-03
-1.197237521409988403e-02
8.766062557697296143e-03
1.874485751613974571e-03
-2.013812027871608734e-02
-4.425994586199522018e-03
1.072428841143846512e-02
2.538790926337242126e-02
-1.860454864799976349e-02
-1.114193815737962723e-02
-1.466743927448987961e-02
-3.384143114089965820e-02
-1.864034309983253479e-02
-1.927152089774608612e-02
-3.213512524962425232e-02
-3.850200213491916656e-03
-1.891268789768218994e-02
-1.439063809812068939e-02
-1.326863840222358704e-02
-1.133866515010595322e-02
4.176343325525522232e-03
-2.574088517576456070e-03
1.610418036580085754e-02
-7.203892339020967484e-03
2.660306403413414955e-03
-3.713710000738501549e-03
-9.482766501605510712e-03
-1.099586021155118942e-02
-1.303118653595447540e-02
1.563075929880142212e-03
-7.321820594370365143e-03
-4.776538163423538208e-02
-9.992200881242752075e-03
-1.114785391837358475e-02
1.050386857241392136e-02
1.190029899589717388e-03
-1.653620274737477303e-03
1.411810866557061672e-03
5.652300897054374218e-04
-1.497893501073122025e-02
-5.568802822381258011e-03
-3.303034231066703796e-02
-1.001150906085968018e-02
7.698107510805130005e-04
-1.332997903227806091e-02
-3.816287731751799583e-03
3.178530372679233551e-03
1.095841545611619949e-02
-2.533995173871517181e-02
2.371816895902156830e-02
1.442177337594330311e-03
2.752822078764438629e-02
3.138503432273864746e-02
-2.499111741781234741e-02
1.651180349290370941e-02
-1.142396032810211182e-02
1.733733806759119034e-03
-2.057595551013946533e-02
1.174846105277538300e-02
-8.967513218522071838e-03
-1.400594972074031830e-02
-1.133482623845338821e-02
-7.779621228110045195e-05
2.314387075603008270e-02
1.579723437316715717e-03
1.695101615041494370e-03
7.994472049176692963e-03
3.324610739946365356e-02
2.429914195090532303e-03
6.604075897485017776e-03
-9.177379979519173503e-05
5.315744783729314804e-03
-7.090721745043992996e-03
-3.651464357972145081e-03
-3.300526412203907967e-03
2.645776420831680298e-02
-1.170772872865200043e-02
-1.882069557905197144e-02
-1.386951189488172531e-02
-1.999921537935733795e-02
-3.717618761584162712e-03
3.063186630606651306e-02
1.995626278221607208e-02
1.848804764449596405e-02
-9.551560506224632263e-03
-1.181515306234359741e-02
1.191610717796720564e-04
-6.460915785282850266e-03
-1.921514794230461121e-02
-1.461394503712654114e-02
3.763858461752533913e-03
-1.154251769185066223e-02
-2.826053882017731667e-03
-2.935737604275345802e-03
-1.671458710916340351e-03
-1.255719363689422607e-02
1.262766309082508087e-02
-3.288768231868743896e-02
-1.354490965604782104e-02
1.058801449835300446e-02
-1.124721299856901169e-02
-2.955378266051411629e-03
-1.722870953381061554e-02
-1.069009397178888321e-02
-7.473834790289402008e-03
-1.132943015545606613e-02
-1.455344911664724350e-02
1.634946838021278381e-02
-3.132594749331474304e-03
-1.795669319108128548e-03
3.550674999132752419e-03
-4.459223151206970215e-02
-1.176785957068204880e-02
2.535902708768844604e-02
3.183333575725555420e-02
3.313157334923744202e-02
-7.605063263326883316e-03
-1.839720830321311951e-02
7.410180754959583282e-03
8.979723788797855377e-03
1.015990320593118668e-02
-5.085339769721031189e-03
-1.571467332541942596e-02
-5.931823980063199997e-03
2.475443296134471893e-02
-1.123914681375026703e-02
-2.920251339673995972e-02
2.438577078282833099e-02
-1.182130072265863419e-02
