4.763257224112749100e-03
-1.393453124910593033e-02
7.981605827808380127e-03
-4.275200422853231430e-03
-2.449507825076580048e-02
3.567292587831616402e-03
-2.108033932745456696e-02
9.323202073574066162e-03
1.378925144672393799e-02
-1.199761871248483658e-02
-9.497508406639099121e-03
-1.210725633427500725e-03
6.100568454712629318e-03
-1.943573541939258575e-02
-2.244741655886173248e-02
3.067656420171260834e-02
-7.426838856190443039e-03
1.140895392745733261e-02
-1.774159818887710571e-02
3.413981990888714790e-03
1.084239967167377472e-02
-6.957815028727054596e-03
-1.084321085363626480e-02
7.334078662097454071e-03
2.353133819997310638e-02
1.004021032713353634e-03
2.821260830387473106e-03
-1.293241698294878006e-02
-1.085003186017274857e-02
-2.021122910082340240e-02
2.335023693740367889e-02
-1.573960296809673309e-02
-4.272472113370895386e-03
-4.184360057115554810e-02
-1.110463589429855347e-02
-1.067498605698347092e-02
-1.687275990843772888e-02
-3.793611656874418259e-03
-2.946121385321021080e-04
-1.140601374208927155e-02
1.232794485986232758e-02
-9.114372543990612030e-03
-1.945529319345951080e-02
-3.128527477383613586e-02
-1.418932108208537102e-03
-2.803429216146469116e-02
-8.423050749115645885e-04
1.803023926913738251e-02
-3.981845453381538391e-03
1.033722888678312302e-02
-1.373318675905466080e-02
1.113595068454742432e-02
-1.743717864155769348e-02
-2.501145005226135254e-02
-2.312470227479934692e-03
-2.400926459813490510e-04
-5.785626359283924103e-03
-7.252568751573562622e-02
-7.601405028253793716e-03
-2.895661070942878723e-02
-1.133690867573022842e-02
7.671398669481277466e-02
-3.763004438951611519e-03
5.527846980839967728e-03
1.346935238689184189e-02
-3.528808057308197021e-02
1.175424922257661819e-02
-4.978957585990428925e-03
-1.022089039906859398e-03
2.427446190267801285e-03
-1.001791190356016159e-02
2.458938397467136383e-03
6.576532963663339615e-03
-2.033988200128078461e-02
-1.840736903250217438e-02
-5.166635382920503616e-03
3.656932618468999863e-03
1.697980612516403198e-02
-1.402189955115318298e-02
-5.345299374312162399e-03
2.212129533290863037e-02
-1.413505896925926208e-02
8.228030055761337280e-03
-1.198491454124450684e-02
-1.795472204685211182e-02
1.388108637183904648e-02
1.007394772022962570e-02
1.642973907291889191e-02
1.091387029737234116e-02
9.440731257200241089e-03
1.690957695245742798e-03
-2.224035328254103661e-03
-5.107795353978872299e-03
5.196989513933658600e-03
-6.712493486702442169e-03
-1.378502231091260910e-02
-1.127142552286386490e-02
-2.016921900212764740e-02
-8.255811408162117004e-03
-3.065725788474082947e-02
-1.325404271483421326e-02
-2.225821278989315033e-02
4.969609435647726059e-03
-2.323188818991184235e-02
-2.788433991372585297e-02
-1.435013115406036377e-02
-9.254166856408119202e-03
1.653560064733028412e-02
3.034593723714351654e-02
-3.981923684477806091e-03
-7.361439056694507599e-03
4.548427241388708353e-04
8.194750174880027771e-03
2.109485305845737457e-02
5.433127749711275101e-03
3.009925782680511475e-02
-1.531283371150493622e-02
2.138176467269659042e-03
-1.164668053388595581e-02
-1.763598434627056122e-02
7.349484600126743317e-03
-7.232375908643007278e-03
1.656107045710086823e-02
2.453291043639183044e-02
-1.330498140305280685e-02
-8.592191152274608612e-03
-1.871301606297492981e-02
-7.540782447904348373e-03
-1.249778550118207932e-02
-6.280481349676847458e-03
-1.627702964469790459e-03
5.384493269957602024e-04
-3.228849172592163086e-02
8.700684644281864166e-03
-1.846261695027351379e-02
-1.601383276283740997e-02
3.084028325974941254e-02
3.026719391345977783e-02
-2.349036559462547302e-02
-1.731673546601086855e-04
-8.282012306153774261e-03
-4.924159031361341476e-03
-1.931972987949848175e-02
-1.178625156171619892e-03
-7.946735247969627380e-03
-8.989956229925155640e-03
2.598155103623867035e-02
2.779191732406616211e-02
-2.267887815833091736e-02
-1.876164972782135010e-02
1.798276044428348541e-02
1.828072406351566315e-02
-8.399937301874160767e-03
1.135344710201025009e-02
8.847033604979515076e-04
-1.956027001142501831e-02
8.885653689503669739e-03
-3.960433881729841232e-03
-1.580691337585449219e-02
-2.534699812531471252e-02
2.157749794423580170e-02
-2.469787374138832092e-02
-4.531593993306159973e-03
6.276485975831747055e-03
-1.097476202994585037e-02
-7.140583358705043793e-03
1.011761371046304703e-03
1.434851996600627899e-02
1.171460561454296112e-02
2.659805305302143097e-02
3.943755291402339935e-03
-1.558567164465785027e-03
-6.131817121058702469e-03
1.211056878673844039e-04
-6.234732456505298615e-03
-1.801969483494758606e-02
3.002461604773998260e-02
-2.358761988580226898e-02
-1.976361870765686035e-02
-2.418650873005390167e-02
1.627563871443271637e-02
-4.581766203045845032e-02
2.328296005725860596e-02
-3.718347055837512016e-03
-2.143225632607936859e-02
-4.529177211225032806e-03
-1.985524408519268036e-02
-1.339999772608280182e-02
-2.115663699805736542e-02
1.196863595396280289e-02
-9.197410196065902710e-03
-2.570195123553276062e-02
-7.567542139440774918e-03
2.534243464469909668e-02
4.032702185213565826e-03
-2.508257515728473663e-03
-6.998288445174694061e-03
9.425270371139049530e-03
-9.846337139606475830e-03
-1.649257540702819824e-02
1.516788266599178314e-02
1.890583895146846771e-02
-1.368131395429372787e-02
-6.291858386248350143e-03
-3.400803357362747192e-02
-1.756842015311121941e-03
1.932103000581264496e-02
-1.786265708506107330e-02
-1.829696632921695709e-02
-1.901706121861934662e-02
1.939943805336952209e-02
3.397347405552864075e-02
-1.847655884921550751e-02
-1.947727054357528687e-02
-1.408119779080152512e-02
-2.244655787944793701e-02
-6.874805316329002380e-03
-3.018446266651153564e-03
-1.549996528774499893e-02
9.025979787111282349e-03
-8.634886704385280609e-03
-2.375433966517448425e-02
1.149901561439037323e-02
-9.694058448076248169e-03
-1.277188118547201157e-02
-4.713907837867736816e-02
-2.886034734547138214e-02
-2.646994777023792267e-03
-3.803797438740730286e-02
1.173890940845012665e-02
1.026494428515434265e-02
2.940694987773895264e-02
2.026645280420780182e-02
2.252776734530925751e-02
-1.074111647903919220e-02
-1.074547041207551956e-02
-1.956043206155300140e-02
8.374789613299071789e-04
2.212346903979778290e-02
-9.973322972655296326e-03
-3.494860138744115829e-03
2.987322770059108734e-02
9.992940351366996765e-03
-1.777336746454238892e-02
-2.256213314831256866e-02
-1.556663494557142258e-02
3.060245653614401817e-04
-2.267972193658351898e-02
-7.472029421478509903e-03
-6.268996000289916992e-02
-7.287076115608215332e-02
-2.129289321601390839e-02
-7.524824235588312149e-03
-2.013910561800003052e-02
1.646002754569053650e-03
1.175228157080709934e-03
2.333488548174500465e-03
5.701940972357988358e-03
-2.203103154897689819e-02
-4.303085152059793472e-03
5.919986404478549957e-03
4.529837518930435181e-03
2.831644937396049500e-02
-7.705739885568618774e-02
-9.238502010703086853e-03
-2.464187145233154297e-02
-2.347170747816562653e-02
1.282464247196912766e-02
1.730983261950314045e-03
-9.097178466618061066e-03
1.321501750499010086e-02
-2.192078344523906708e-02
3.617503866553306580e-02
1.330218091607093811e-02
-8.741511031985282898e-03
2.085779560729861259e-03
6.549368146806955338e-03
1.995492167770862579e-02
-2.569863945245742798e-02
6.681239232420921326e-03
-4.938648268580436707e-02
3.065919689834117889e-02
6.692538503557443619e-03
-1.363532803952693939e-02
-3.560275770723819733e-03
-6.236964254640042782e-04
-2.255387371405959129e-03
-2.707011532038450241e-03
-4.637807607650756836e-03
5.797127727419137955e-03
-2.251625293865799904e-03
1.371652446687221527e-02
9.418015368282794952e-03
-2.020461857318878174e-02
2.754344046115875244e-02
2.617948688566684723e-02
2.440723776817321777e-02
-1.965244067832827568e-03
-1.288153696805238724e-02
-7.100786268711090088e-02
-1.350498571991920471e-02
2.006880193948745728e-02
1.745952665805816650e-02
-6.356910336762666702e-03
1.762056909501552582e-02
1.866943761706352234e-02
-1.635191845707595348e-03
9.461730718612670898e-03
1.126361917704343796e-02
-1.093986164778470993e-02
4.992270376533269882e-03
-1.959317177534103394e-02
-1.524510886520147324e-02
-2.186844684183597565e-02
1.712136156857013702e-02
-6.546659395098686218e-03
-2.123408950865268707e-02
1.521817781031131744e-02
-4.390553571283817291e-03
3.367175813764333725e-03
-1.327189803123474121e-02
-6.231153383851051331e-03
9.547730907797813416e-03
-7.808746886439621449e-04
1.500655338168144226e-02
2.199217118322849274e-02
-2.807939192280173302e-03
-1.427399646490812302e-02
-2.286037616431713104e-02
1.392658986151218414e-02
4.322724125813692808e-04
-1.203214935958385468e-02
5.036780145019292831e-03
1.276127528399229050e-02
1.846527564339339733e-03
-1.765501685440540314e-03
-2.142627956345677376e-03
-1.456515747122466564e-03
-6.670385599136352539e-03
-2.117709442973136902e-02
-6.041441578418016434e-03
-1.654830761253833771e-02
3.534264490008354187e-02
-4.918377101421356201e-02
7.168739568442106247e-03
-2.114313421770930290e-03
-3.922379110008478165e-03
-5.597763229161500931e-03
-2.432137914001941681e-02
-2.401299029588699341e-02
-1.481539756059646606e-02
-2.087613567709922791e-02
4.120575729757547379e-03
-1.633720472455024719e-02
3.511314978823065758e-03
-1.800147444009780884e-02
2.392314746975898743e-02
-3.129148855805397034e-02
-6.352925673127174377e-03
5.871556699275970459e-03
2.751274406909942627e-02
-9.170898795127868652e-02
-1.590036973357200623e-02
-2.730091102421283722e-02
-2.233350649476051331e-02
-1.306019537150859833e-02
-1.624356582760810852e-02
-8.527122437953948975e-03
-9.688129648566246033e-03
1.659860648214817047e-02
1.990544982254505157e-02
-4.069393035024404526e-03
-3.798410063609480858e-03
-3.225134452804923058e-03
-1.406444516032934189e-02
-4.305599257349967957e-03
-1.150557491928339005e-02
-2.145288698375225067e-02
-3.437812998890876770e-02
-6.560346484184265137e-02
9.555107681080698967e-04
-1.097796205431222916e-02
-9.716590866446495056e-03
-1.486625988036394119e-02
