1.577292568981647491e-02
2.055806294083595276e-02
-8.294211700558662415e-03
1.125170383602380753e-02
-7.743425201624631882e-03
-1.193859986960887909e-02
-2.993555925786495209e-02
4.156609252095222473e-02
2.372000180184841156e-02
-5.496443808078765869e-02
-1.685736514627933502e-02
-3.606846556067466736e-02
-1.770517230033874512e-02
1.808350719511508942e-02
2.733568288385868073e-02
-4.746476933360099792e-02
-5.058464407920837402e-02
2.367298305034637451e-02
-1.404447201639413834e-02
4.003148525953292847e-02
-6.287047173827886581e-03
2.347433473914861679e-03
1.203697058372199535e-03
-6.075643002986907959e-03
2.954812347888946533e-02
-1.334019005298614502e-02
2.803300879895687103e-02
3.778834640979766846e-02
3.194326302036643028e-03
-5.849757697433233261e-03
4.013569280505180359e-02
-1.722493581473827362e-02
2.527551725506782532e-03
3.129935264587402344e-02
-2.155155502259731293e-02
-5.393583327531814575e-02
-1.511390134692192078e-02
2.191258966922760010e-02
-4.282176867127418518e-02
-3.142603905871510506e-03
5.205230787396430969e-02
2.492893859744071960e-02
-1.243616547435522079e-02
-1.174875814467668533e-02
6.374653428792953491e-03
2.273484319448471069e-02
1.324871089309453964e-02
1.524836057797074318e-03
5.143921356648206711e-03
-4.978843964636325836e-03
-2.346649765968322754e-03
-4.852633923292160034e-02
-4.685848578810691833e-02
-3.913037106394767761e-02
-9.790974669158458710e-03
2.584750950336456299e-02
-1.168157160282135010e-02
-1.259853597730398178e-02
-6.431957241147756577e-03
1.516737742349505424e-03
6.143114343285560608e-02
-5.126466508954763412e-03
1.568439975380897522e-02
-2.575282705947756767e-03
-7.744000758975744247e-03
8.935704827308654785e-02
4.255232587456703186e-02
-4.763225093483924866e-02
-3.965194150805473328e-02
-3.481392934918403625e-02
4.236262664198875427e-02
-6.459900178015232086e-03
-1.434662286192178726e-02
5.611386150121688843e-02
2.242499031126499176e-02
6.954537093406543136e-05
-1.316288392990827560e-02
3.614095970988273621e-02
2.204254828393459320e-02
-5.270184949040412903e-02
1.133990380913019180e-02
1.948021724820137024e-02
-1.872614398598670959e-02
-1.018055062741041183e-02
3.921525552868843079e-02
-1.474724709987640381e-02
-1.703201048076152802e-02
3.419952467083930969e-02
3.094454668462276459e-02
8.843070827424526215e-03
-1.871023327112197876e-02
-1.985170692205429077e-02
-1.386915519833564758e-02
-4.136847332119941711e-02
7.066013291478157043e-03
-1.321735419332981110e-02
4.275624081492424011e-02
-6.158599164336919785e-03
1.559188868850469589e-02
-2.190075465478003025e-04
-1.900660805404186249e-02
3.602676093578338623e-02
-6.716768443584442139e-02
3.450511768460273743e-02
-1.216918788850307465e-02
-1.528000924736261368e-02
3.413572534918785095e-02
1.938891969621181488e-02
-1.021502725780010223e-02
-2.908893115818500519e-02
-9.398316033184528351e-03
6.723923236131668091e-02
5.526848603039979935e-03
-1.940179988741874695e-02
-2.221834380179643631e-03
-1.266125682741403580e-02
3.817595774307847023e-03
-1.659162156283855438e-02
-1.009242236614227295e-02
-7.029952947050333023e-03
1.283575780689716339e-02
4.985572770237922668e-03
-5.119153857231140137e-02
-1.683143898844718933e-02
-1.411550305783748627e-02
1.484546810388565063e-02
-1.516381278634071350e-02
4.529656097292900085e-02
7.289970666170120239e-02
4.628819879144430161e-03
2.384452382102608681e-03
1.057464908808469772e-02
-4.781129211187362671e-02
-2.337371930480003357e-03
-4.153402522206306458e-03
-1.379903871566057205e-03
-1.432925835251808167e-02
5.824455991387367249e-03
1.992913149297237396e-02
2.082955464720726013e-02
-4.435013979673385620e-02
4.423239454627037048e-02
-3.422335162758827209e-02
2.619943581521511078e-02
4.049157723784446716e-02
-4.799419548362493515e-03
1.180540584027767181e-02
2.660118043422698975e-03
8.398430049419403076e-02
-1.266220025718212128e-02
4.129673354327678680e-03
-4.646951332688331604e-02
9.676888585090637207e-03
2.584551833570003510e-02
2.617979235947132111e-02
-6.086460873484611511e-02
-7.189564406871795654e-02
4.990306217223405838e-03
8.904700167477130890e-03
5.213228287175297737e-04
-2.171491738408803940e-03
1.109677366912364960e-02
4.459602758288383484e-02
-3.957747668027877808e-02
-9.024082683026790619e-03
-2.824973687529563904e-02
3.654961287975311279e-02
-1.478176936507225037e-02
-1.735969819128513336e-02
4.569752886891365051e-02
1.135409716516733170e-02
1.172315049916505814e-02
-2.505030948668718338e-03
-1.468761451542377472e-02
-3.168658539652824402e-02
2.228429540991783142e-02
4.325449839234352112e-02
1.611335389316082001e-02
4.603726789355278015e-02
1.973330974578857422e-02
2.461041510105133057e-02
-2.611873671412467957e-02
-4.457979463040828705e-03
1.958583248779177666e-03
-4.636295139789581299e-03
-3.961702063679695129e-02
-9.363740682601928711e-03
-5.648086220026016235e-02
-3.464489243924617767e-03
1.462818030267953873e-02
-5.851810332387685776e-03
-1.387408375740051270e-02
-4.339387640357017517e-02
-8.132246322929859161e-03
1.780929742380976677e-03
-3.153265221044421196e-03
-1.771704480051994324e-02
-9.937019785866141319e-04
-1.507619023323059082e-02
2.948743291199207306e-03
-3.778511285781860352e-02
4.488653037697076797e-03
1.699121482670307159e-02
1.897585578262805939e-02
2.364196255803108215e-02
2.270930446684360504e-02
8.478313684463500977e-03
3.497864678502082825e-02
-6.063382327556610107e-02
6.894350051879882812e-03
1.268533430993556976e-02
3.386252000927925110e-02
-1.748564839363098145e-02
3.529965505003929138e-02
3.665974736213684082e-02
-9.636102244257926941e-03
-1.197607908397912979e-02
8.500830829143524170e-02
2.195197716355323792e-02
8.901217952370643616e-03
-1.108510326594114304e-02
-1.790806092321872711e-02
-5.163169279694557190e-02
4.288734123110771179e-02
-3.696540743112564087e-02
2.672074921429157257e-02
2.630369551479816437e-02
8.432771079242229462e-03
8.237255737185478210e-03
2.894789539277553558e-02
-8.455089991912245750e-04
-6.974564492702484131e-02
1.835392229259014130e-02
-7.459193933755159378e-03
9.302028454840183258e-03
3.748585656285285950e-02
-6.441001780331134796e-03
9.558071196079254150e-02
2.103071287274360657e-02
1.385487336665391922e-02
1.916538551449775696e-02
9.430880309082567692e-04
6.742548197507858276e-03
2.671159990131855011e-02
4.630327224731445312e-02
3.653265908360481262e-02
3.733066096901893616e-02
1.447669044137001038e-02
-9.507112205028533936e-03
8.719112724065780640e-03
1.228459924459457397e-02
-1.455533783882856369e-02
1.048212312161922455e-02
-8.726776577532291412e-03
3.272779658436775208e-02
-1.708931289613246918e-02
